f0,f1,f2,f3,f4,f5,f6,f7,f8,f9,f10,f11,f12,f13,f14,f15,f16,f17,f18,f19,f20,f21,f22,f23,f24,f25,f26,f27,f28,f29,f30,f31,f32,f33,f34,f35,f36,f37,f38,f39,f40,f41,f42,label,source_type,source_file,frame_index,auto_label,needs_review,__source_file,batch_id,scenario
-0.0001491346063258,0.9998515661801252,-7.949551966876213e-05,6.513778167250167e-05,-7.265114281675126e-05,3.158048905290313e-05,0.798659944182317,0.0469853424240876,-0.2374969442369515,-0.0082604753121828,4.342026313778876e-06,4.5745071747621255e-05,1.000057994234081,-0.0001690126033905,7.736386191057042e-05,0.0001716154575715,0.7586452052463302,0.0325975038711947,-0.7154713935861414,-0.145896054062107,2.5691927995089127e-05,-4.913178820558523e-05,7.19492292586683e-06,-2.170550572415565e-06,-0.0001628163838736,-8.734582216300343e-05,3.778337421619108e-05,-0.0001300244845228,-9.67554111581968e-06,-0.0001626840569472,4.152461377119288e-05,2.277213139250481e-05,-4.5285763502171694e-05,1.0000250374440949,0.0003093710250413,0.999923981183304,0.6665556224685479,0.0,0.0,0.0,0.0,0.0,0.0,MOVE_TO_CHAIR,real_media,,,,,curated_real_balanced.csv,,
1.0,0.0,0.0,0.0,0.0,0.0,0.9252136945724488,0.147138671875,0.246875,-0.6208333333333333,0.0,0.0,0.0,0.0,0.0,1.0,0.3779112100601196,0.7858854166666667,-0.003125,0.1958333333333333,0.0,0.0,0.0,0.0,0.0,1.0,0.6720403432846069,0.116484375,-0.40625,0.5083333333333333,0.0,1.0,0.0,0.0,0.0,1.0,1.0,0.0,0.0,0.0,0.0,0.0,0.0,AVOID_PERSON,real_media,mixkit_table_05.mp4,70.0,AVOID_PERSON,1.0,media_labeled_batch_A_real_corrected.csv,batch_A_real,mixed
3.8008211029821736e-05,0.9999630084161124,-9.424652775505636e-06,2.1140901249464338e-05,-8.7089381537912e-05,3.5047417711653005e-05,0.7310001480734789,0.0548068726449351,-0.4688195121722261,0.137570231351466,-4.7166612555369806e-05,-2.4626710909890425e-05,0.999931984650806,-0.0001274563493177,0.0001698744294255,-0.0001485628412788,0.8944102188610958,0.075032936770771,0.0811296355520282,-0.0416596738428818,-1.542712302600856e-05,4.461137625695257e-05,5.30600131618742e-05,4.152431196210418e-05,-0.0001042814351808,-0.000150199633185,-0.0001609487706906,5.497370561543838e-05,8.08394512628062e-05,-3.921464683823575e-05,0.99992506764464,0.0001372666738587,-0.0001047902877367,-0.0002924032632055,2.3693973508544368e-05,1.1144052738510896e-05,0.6666811824944425,0.0,0.0,0.0,0.0,0.0,0.0,CHECK_TABLE,real_media,,,,,curated_real_balanced.csv,,
0.9998379897788876,-0.0001563403292997,9.740625006141885e-05,3.154466867853153e-05,1.8349012979563503e-05,-0.0001957008282733,0.810240883180583,0.0808758823530314,-0.0937880065243523,0.3541196023425838,0.0001733149880431,0.9999187938399406,-0.0002140580206681,5.04231625013159e-05,-8.044484813373724e-05,7.244151702657232e-05,0.6347168479964673,0.0293337045257028,-0.4906691787541249,0.4415934644303291,4.206892264041601e-06,0.0001420406405298,-0.0001040294389961,3.723071346722849e-05,-6.016919420849399e-05,-1.5379907860860605e-05,8.206607348015701e-05,4.020853164048965e-07,0.0001584566164236,-0.0001519267556125,-0.000179706754708,-3.209332280724471e-05,1.0000208661608876,0.0001001970494674,-7.100281705421896e-05,0.999991061153978,0.66656750910929,0.0,0.0,0.0,0.0,0.0,0.0,AVOID_PERSON,real_media,,,,,curated_real_balanced.csv,,
1.000075500838649,-0.0001186548911781,0.0001708574780028,-0.0001360665371838,7.308026147102586e-05,4.381618375807976e-05,0.982450394214829,0.1482880457815646,-0.5844698453819686,-0.1626090124576009,2.4736084698330823e-05,1.000095229247108,-9.676976763414864e-05,2.799474619813418e-05,-5.6670446856855e-05,0.0002676995385222,0.6776284081691718,0.0252634280330275,-0.837423687623953,0.5667479196453912,-8.848266803577811e-05,7.594301981265746e-05,-0.0001679182466387,-0.0001241204074326,2.219149025581709e-05,3.736221375873785e-05,-2.0505716147307083e-05,9.84956275408689e-05,-5.481687882360267e-05,0.0001317310293336,4.019899481609858e-05,3.5923678892114456e-05,0.9999276263535232,-0.0001239754778239,7.72736890579493e-05,0.999955677220106,0.6664501294619068,0.0,0.0,0.0,0.0,0.0,0.0,AVOID_PERSON,real_media,,,,,curated_real_balanced.csv,,
1.0,0.0,0.0,0.0,0.0,0.0,0.8237921595573425,0.3595735677083333,0.465625,-0.2166666666666666,0.0,0.0,0.0,0.0,0.0,1.0,0.7839136123657227,0.0245833333333333,0.553125,0.65,0.0,0.0,0.0,0.0,0.0,1.0,0.4869642555713653,0.1159375,-0.26875,0.5041666666666667,0.0,1.0,0.0,0.0,0.0,1.0,1.0,0.0,0.0,0.0,0.0,0.0,0.0,AVOID_PERSON,real_media,mixkit_table_05.mp4,30.0,AVOID_PERSON,0.0,media_labeled_batch_A_real_corrected.csv,batch_A_real,mixed
-2.328204928447622e-06,-6.335962171757459e-05,6.862942160672984e-05,0.0001705282408486,0.0001962832815225,-7.363634680377088e-05,-7.922860689509705e-05,-0.0003327465164767,-9.601928058212186e-05,4.314818494977165e-05,-8.84090361167869e-05,6.557243771422503e-05,4.983495863017202e-05,-5.4859583331776286e-05,0.0001201852021107,-0.0001252778890583,-5.635556737871693e-05,9.92643497996254e-05,-8.991797155182377e-05,-5.2533845203574514e-05,6.155419104636024e-05,7.442686872256798e-05,-9.614861161101407e-05,5.612563976769593e-05,-6.561203220286025e-05,-0.000131884468893,9.344963032231692e-05,1.728779126623257e-05,-4.689306015104619e-05,5.511452510583311e-05,-3.115055604835788e-05,3.4594367661670824e-05,-7.627102069246722e-05,0.9999923723709436,-0.0001447330581564,1.0000653118581653,-0.0001431290495529,0.0,0.0,0.0,0.0,0.0,0.0,EXPLORE,real_media,,,,,curated_real_balanced.csv,,
1.0001199497240865,-0.0001453153544414,0.0001313775672383,-0.0001446809225503,9.461907566265768e-05,2.068169188667641e-05,0.879419464335634,0.1004525168057263,0.3845767723696191,0.3873408266943458,0.9999864342945344,-4.664746902274708e-06,-5.976408912498794e-05,0.0001675991749231,-0.0001339476080628,1.5006646912903766e-05,0.8154291616409748,0.0787853647514035,-0.3968284218911145,0.2916468310997566,0.999954718871004,7.191869817698122e-05,-2.546190722389389e-05,2.923979015759328e-05,5.037463918413818e-05,0.0001780410177031,0.7159882570580891,0.0845538949657053,-0.3374864397992774,-0.4416837081624886,0.9999451959762368,-0.000106985641248,-3.65960839339876e-06,-0.0002315412485548,-7.800106183474533e-05,3.099484337340552e-05,0.9999710260356202,0.0,0.0,0.0,0.0,0.0,0.0,CHECK_TABLE,real_media,mixkit_table_06.mp4,624.0,CHECK_TABLE,1.0,curated_real_balanced.csv,,
1.0,0.0,0.0,0.0,0.0,0.0,0.8428398370742798,0.103515625,0.396875,0.325,1.0,0.0,0.0,0.0,0.0,0.0,0.8126778602600098,0.0872265625,-0.415625,0.3666666666666666,1.0,0.0,0.0,0.0,0.0,0.0,0.7298087477684021,0.0712923177083333,-0.390625,-0.4416666666666666,0.0,0.0,0.0,1.0,0.0,1.0,1.0,0.0,0.0,0.0,0.0,0.0,0.0,EXPLORE,real_media,mixkit_table_06.mp4,1110.0,AVOID_PERSON,1.0,media_labeled_batch_A_real_corrected.csv,batch_A_real,mixed
1.0002027159018412,-0.0002641523919871,-6.526382501916087e-05,5.714627887448574e-05,-0.0001013634806656,0.0001053347785063,0.8801893483833255,0.6927725086417929,-0.1810505059749196,0.1458944094257393,-3.8138286311026e-05,0.9998649248077832,-0.0001136053958953,0.0001322828945407,7.119985836619834e-05,4.818905644966075e-05,0.2504253589119246,0.1549217899269589,-0.6375579482591074,0.5290176137150602,-1.2883767105645923e-05,-5.506235295111932e-05,-4.23234217197539e-05,-0.0001931625151384,3.78875019931267e-05,0.0001806173420369,-7.576369974917146e-05,0.0001331711130236,-4.687858403622203e-05,3.3364068291503936e-05,0.0001432182594278,3.481582634761224e-05,9.25111825598985e-05,1.0000630107126942,-2.526816754335363e-05,1.0002251369256787,0.666650725032672,0.0,0.0,0.0,0.0,0.0,0.0,AVOID_PERSON,real_media,,,,,curated_real_balanced.csv,,
-0.0001275432662001,0.0002089856799059,4.30085012773288e-05,1.000061199588341,-0.0001624727411149,-5.169669829930642e-05,0.4352950848706618,0.0253406526663051,-0.2030415876388339,0.0292200672708671,-9.70129219975172e-05,-0.0001699548473547,6.70531371525767e-05,-7.586537279882194e-05,1.0000312143168368,-0.0001200845542036,0.5593164082535549,0.0256187530449834,-0.1499934563835072,-0.7790726778189175,5.4945441391126e-05,3.5179470471662086e-05,8.140898308842095e-05,3.8593158479983566e-05,-5.544436025174654e-05,9.465479437317056e-05,5.622104464144321e-06,5.548479932573279e-05,4.952969159406011e-05,0.0001340980923273,-5.152887050593994e-05,2.012708604650456e-05,0.999904866893247,3.840190158079646e-05,-2.7966182202865588e-05,1.0001426464494725,0.6667589043265715,0.0,0.0,0.0,0.0,0.0,0.0,EXPLORE,real_media,,,,,curated_real_balanced.csv,,
-7.383153584095852e-05,1.0000515863460375,0.0001694028001792,0.0001124224741964,9.937367657908146e-05,-8.250123599844305e-06,0.7237374476964145,0.0567135077940667,0.0375075019176548,0.3082645598608721,-4.074445570687778e-06,0.0002014996552913,1.0000034323429672,-3.954762243011053e-05,-0.0001469483577455,5.498726459469222e-05,0.6296939389720598,0.0657877546956523,-0.3593767972428702,0.2207434232927394,-0.0001033759280901,8.090262446765569e-05,7.199816876138117e-05,3.2555497587730875e-05,0.0001524535201125,0.0001178538949156,-4.45027480433637e-05,-3.3689417344322874e-05,6.0172444616366144e-05,-6.617555953430389e-06,5.800584903557978e-05,6.880131003867198e-05,-6.142407060142142e-05,5.6682185227356575e-05,0.9999629645774084,1.0001664018989476,0.6666643658616084,0.0,0.0,0.0,0.0,0.0,0.0,MOVE_TO_CHAIR,real_media,,,,,curated_real_balanced.csv,,
-0.0001148665198393,-0.0001121686968458,-0.0001632492446194,-7.232130715823383e-05,0.9999155830366316,-6.298025716485153e-05,0.6342918742418909,0.0188902487293905,0.5470511770059766,-0.6708424115612792,-0.0002285824921671,-8.664281916984818e-05,-3.031870478811151e-05,-8.943758064951267e-05,0.999816241534994,8.063783527311903e-05,0.5144431583658161,0.0750660576592624,0.0904766523086683,-0.3457835544932496,-8.546141158252274e-05,-3.924534115933498e-05,0.0002564164058918,-5.659860263630391e-05,-0.0002709130758998,3.2738816659522244e-05,-0.0001365889161511,-0.0001236443469217,-6.579766514273213e-05,0.0001259890183184,0.0001280988626988,1.0002250959547838,0.0001703431039157,0.0001134731869227,-6.964784120204402e-05,1.000164324947698,0.6669017236276472,0.0,0.0,0.0,0.0,0.0,0.0,EXPLORE,real_media,,,,,curated_real_balanced.csv,,
1.0000305064991115,1.2486981936824397e-05,-6.343639960363968e-07,-0.0001551495827339,-3.682824679267807e-05,9.370180204496267e-05,0.7117439308623537,0.0316719429507691,-0.5562866693426385,0.1043029325195275,0.9998609496016714,-3.4246297739110246e-05,0.0001056281672009,0.0001328463876787,1.4493922074269916e-05,8.107422803035907e-05,0.6735849578583519,0.0170541685360202,0.9125058242530856,-0.0291270927830713,1.0000075302625764,5.304203053412959e-05,-8.008632727594212e-05,-5.37218564547757e-05,8.146329962195648e-05,-6.618215210198634e-05,0.6451912988240904,0.0042057730635637,0.1376033535179093,0.045841296540768,0.0001128974184886,-0.0001183585743122,1.0000246447488363,-2.887484378041758e-05,-5.424056793350149e-05,0.999947074731801,1.0000832083771016,0.0,0.0,0.0,0.0,0.0,0.0,MOVE_TO_CHAIR,real_media,mixkit_table_07.mp4,48.0,MOVE_TO_CHAIR,1.0,curated_real_balanced.csv,,
1.0000429410753129,4.465830521436085e-05,-7.921873825577205e-06,0.0001624244967022,0.0001148968642552,9.890297228846234e-05,0.8631292158482524,0.0608712072814451,-0.0468962659564294,-0.0749816000899425,-0.0001355954911827,1.0001207875878462,-4.2252642828927446e-05,1.0451920044385311e-05,4.001190627792008e-05,-1.6802597737152517e-06,0.5719505861248935,0.0298234878878607,-0.1313636682217532,0.0375027615640568,-4.186945963072589e-05,5.834190815782285e-05,5.3074866401223735e-05,-2.9434694770096072e-05,6.238602394347082e-05,6.900999315951118e-05,6.507631411029443e-05,-0.0001449596607467,-0.0002569672733573,-7.567201036750378e-06,-0.0002263067444524,3.028830967736344e-05,0.9998473808288922,4.183045989984366e-05,-0.000118550495202,0.9997948064776988,0.6664645233649891,0.0,0.0,0.0,0.0,0.0,0.0,AVOID_PERSON,real_media,,,,,curated_real_balanced.csv,,
-2.698606611238248e-05,1.0000550800458572,-8.000042384349405e-05,6.196789733366241e-05,3.123376513258518e-05,-3.9675899959469694e-05,0.9024004030129448,0.0723467924084352,0.4468209422871289,-0.5207734224356573,8.013312991436579e-05,5.2155286487092856e-05,1.0000573573508609,-0.0001490801947143,0.0001540819017167,0.000132914497246,0.6914240934046785,0.0518228883014342,-0.5282419112839203,0.2333352507220953,6.663036325796533e-06,3.305192592790433e-05,3.092989611928994e-05,-0.0001262836777893,5.1320308179008114e-05,-6.437753273849358e-05,8.251274824008499e-06,-4.1320042339830586e-05,-4.617704749570898e-05,-7.155988326275444e-05,0.9999812247866467,-7.680902396072514e-05,4.109128954273007e-05,0.0001518993966449,8.971767916692251e-05,7.657029552558315e-05,0.6666030867409158,0.0,0.0,0.0,0.0,0.0,0.0,MOVE_TO_CHAIR,real_media,,,,,curated_real_balanced.csv,,
1.0000105637679393,-0.0001026960733365,2.6633092267850743e-05,-9.364016329851518e-05,0.0001403736531049,-5.480674024973692e-05,0.9793557181520586,0.1045512627429694,0.0312885039364378,-0.1667325919801195,-0.0001223929039085,0.9999597703618542,-0.0001163038760108,-2.7375433018330016e-05,-2.449855912229097e-05,-7.241115311019349e-05,0.6048197273590366,0.0440975323327595,-0.3939356213238177,0.6710145760010442,6.568111788501536e-06,2.607705821087093e-05,0.999861382245598,-0.0002092242088119,0.0001816857591474,2.3504092718013352e-05,0.469168410551999,0.04205980352941,0.8436349998126388,0.5958211825005607,6.237195717524743e-06,0.9999999310625208,-1.2430027830455296e-05,7.234722504898333e-05,-8.825421393004544e-05,0.9998979034155348,0.9999511058125335,0.0,0.0,0.0,0.0,0.0,0.0,AVOID_PERSON,real_media,,,,,curated_real_balanced.csv,,
1.0000491380764551,-2.9328692843772e-05,-0.0002333848450247,-5.9756627633587526e-05,-1.0712964658937765e-06,-8.937023745847547e-05,0.7716207926973073,0.113844349645205,-0.1002208159246511,-0.1874145486174926,-2.1427637370954084e-05,1.000002612116141,-0.0001771229450508,-3.433455367561345e-05,-1.3034871159151616e-05,8.765396501636632e-06,0.6360112681203984,0.0415780009165075,-0.4437715451568997,0.4626726082672771,-1.3388518442400458e-05,0.0001466821388329,-0.0001744853858913,-1.6149363370465513e-05,0.0001259397153776,7.203761852004634e-05,0.0001547729803894,-3.5068700559399625e-05,1.5304884222817075e-05,-0.0002358124151705,-0.0001397765228544,1.0000545468125182,-6.159595483326444e-05,8.680385651552013e-05,-2.920179507168836e-05,1.0000561466722877,0.666583023680542,0.0,0.0,0.0,0.0,0.0,0.0,AVOID_PERSON,real_media,,,,,curated_real_balanced.csv,,
1.0,0.0,0.0,0.0,0.0,0.0,0.8906866312026978,0.11556640625,0.359375,0.3583333333333333,1.0,0.0,0.0,0.0,0.0,0.0,0.8437201976776123,0.0924479166666666,-0.359375,0.3166666666666666,1.0,0.0,0.0,0.0,0.0,0.0,0.7988386750221252,0.08806640625,-0.31875,-0.4291666666666666,0.0,0.0,0.0,0.0,1.0,1.0,1.0,0.0,0.0,0.0,0.0,0.0,0.0,MOVE_TO_CHAIR,real_media,mixkit_table_06.mp4,480.0,AVOID_PERSON,1.0,media_labeled_batch_A_real_corrected.csv,batch_A_real,mixed
1.0,0.0,0.0,0.0,0.0,0.0,0.7470054030418396,0.1205859375,0.359375,0.3666666666666666,1.0,0.0,0.0,0.0,0.0,0.0,0.7528747916221619,0.0713671875,-0.409375,0.3333333333333333,1.0,0.0,0.0,0.0,0.0,0.0,0.637226939201355,0.073828125,-0.384375,-0.425,1.0,0.0,0.0,0.0,0.0,0.0,1.0,0.0,0.0,0.0,0.0,0.0,0.0,CHECK_TABLE,real_media,mixkit_table_06.mp4,870.0,AVOID_PERSON,1.0,media_labeled_batch_A_real_corrected.csv,batch_A_real,mixed
-0.0001090398962989,0.9999339783999406,-3.514149349769059e-05,-5.134810584213976e-05,3.0193150249207075e-05,-4.761343792427659e-05,0.8341987962343641,0.0735472063649011,-0.1784438194974005,-0.0081990629278406,5.370168143497154e-05,-0.0003348270764037,-2.1584436652164505e-05,6.555053920003276e-05,-1.4601733375156444e-05,9.492789603362118e-05,2.349612158260148e-05,-0.0002356282529595,-0.0002447304836491,0.0001114820952221,0.0001748242732826,-6.580933822791115e-05,4.454326817451182e-05,8.834921777897549e-06,-2.2057079173503297e-05,-6.968732993799328e-05,2.19048829011853e-05,-7.565506601992663e-05,-1.2883737025624876e-05,-0.0001036364597682,-0.0001745525453526,1.1272399570685322e-05,-1.8945249962150607e-05,5.223696497404853e-05,1.0000249975148463,1.0000170790213074,0.3332907081127,0.0,0.0,0.0,0.0,0.0,0.0,MOVE_TO_CHAIR,real_media,,,,,curated_real_balanced.csv,,
1.5541388882916275e-05,0.0001246127484127,8.822017362524917e-05,-6.346732332419596e-05,0.0001478230057611,1.0000254453549138,0.7005382223129597,0.0140123109148493,0.3719530906139448,0.4876507730099923,-8.448093891467244e-05,0.0001127913221252,-1.7967094270392385e-05,2.630064606043376e-05,-8.549274475839027e-06,-7.588967821969992e-05,0.0001303630269711,-0.000118203754892,2.902549732031394e-05,3.95673868843583e-05,-0.0001633837415803,-7.779678837311068e-05,8.842624176180881e-05,0.0001808485862115,4.399973223784169e-05,0.0001006107965955,1.9254878217053976e-05,2.704672104298884e-05,-7.789816327306913e-05,-8.266873519140609e-05,8.01284556005196e-06,-9.501082692368724e-05,0.000103896914615,4.421018318899889e-05,0.9998900138623426,0.9998216483470512,0.33342473000944,0.0,0.0,0.0,0.0,0.0,0.0,EXPLORE,real_media,,,,,curated_real_balanced.csv,,
1.0,0.0,0.0,0.0,0.0,0.0,0.86855548620224,0.10595703125,0.371875,0.3708333333333333,1.0,0.0,0.0,0.0,0.0,0.0,0.8349518775939941,0.0885416666666666,-0.371875,0.2791666666666667,1.0,0.0,0.0,0.0,0.0,0.0,0.8142201900482178,0.09990234375,-0.31875,-0.3833333333333333,1.0,0.0,0.0,0.0,0.0,0.0,1.0,0.0,0.0,0.0,0.0,0.0,0.0,CHECK_TABLE,real_media,mixkit_table_06.mp4,590.0,AVOID_PERSON,1.0,media_labeled_batch_A_real_corrected.csv,batch_A_real,mixed
0.0001854266575302,0.9999920978175998,3.9410325626107306e-05,-0.000213147394635,-3.544218470721155e-05,1.1351693073719687e-05,0.8158783422573371,0.0646695494836799,-0.0312839648088894,0.0290141731309701,-0.0001019344098608,-3.936760194293853e-05,1.000050109501407,-2.0851605894439253e-06,7.000851355266545e-05,0.0001142542818219,0.7069399244077371,0.0456518344046518,-0.7529752143772289,0.5332344433109094,-0.0001294777501871,-7.507344153597142e-05,-0.0001499673312576,-0.0001362894248117,-0.0001158624865885,-4.481029515005367e-05,5.5953956360152513e-05,-1.5890622389462226e-05,-8.034031665916298e-05,0.0001903467843008,0.9999628903210036,4.518054699745261e-05,4.735864606052896e-05,-3.09164267193374e-05,4.579911180529257e-05,2.1737980681575367e-05,0.6666207587723009,0.0,0.0,0.0,0.0,0.0,0.0,MOVE_TO_CHAIR,real_media,,,,,curated_real_balanced.csv,,
1.0001436242626058,0.0002016062273544,-0.0001314455723651,-1.596222557949782e-05,1.566134450249699e-05,3.8326200079714216e-05,0.9242693282387724,0.1214526757641778,0.240654570336477,0.2124029641761822,0.00021159785997,0.9998206177843793,-0.0002127808893708,-0.0001347064644953,-5.12807046761971e-05,1.436292223344759e-05,0.4969108193400254,0.067028760247179,-0.7468342023041771,-0.5499652320784728,-0.0001967217069085,-0.0001168292648688,1.00001576272543,-8.108918354562138e-05,-4.406134372133095e-05,-4.740615565353204e-06,0.7096841839216818,0.0467770036305026,0.0782208646819909,-0.2291825451145928,1.000286331714921,3.26020785762497e-05,-6.936223737925803e-06,-4.2862761859372393e-05,7.861820210481318e-05,8.868167330226227e-05,1.0000115568207568,0.0,0.0,0.0,0.0,0.0,0.0,AVOID_PERSON,real_media,,,,,curated_real_balanced.csv,,
1.0,0.0,0.0,0.0,0.0,0.0,0.7669268846511841,0.025234375,0.234375,0.7166666666666667,1.0,0.0,0.0,0.0,0.0,0.0,0.6572224497795105,0.020302734375,0.63125,0.6083333333333333,0.0,1.0,0.0,0.0,0.0,0.0,0.774445652961731,0.014150390625,0.046875,0.85,0.0,0.0,1.0,0.0,0.0,1.0,1.0,0.0,0.0,0.0,0.0,0.0,0.0,EXPLORE,real_media,mixkit_table_07.mp4,170.0,AVOID_PERSON,1.0,media_labeled_batch_A_real_corrected.csv,batch_A_real,mixed
0.999927121533148,0.0001347110657329,9.519617379173242e-05,-3.603188913520922e-05,-5.356196124912529e-05,-0.0001166892957992,0.81364132082902,0.054891176866448,0.1218574630467652,0.1126937183676405,8.258549143278384e-05,1.0000334318470794,2.78021485081786e-05,-1.808987787139476e-05,-0.0001371928181643,6.038219974645509e-05,0.592607743806415,0.0698994819582539,-0.5032865099039932,0.6291398162778231,5.498294330547464e-06,-5.876845776128706e-05,5.707917361040651e-06,7.222613304967772e-05,0.0001495085164625,1.808034307673104e-05,2.503818939055295e-06,4.027367805951226e-05,8.42210594720133e-06,-7.168459240797071e-05,1.0000040753356907,0.0001291839191402,1.4311025852327636e-05,3.843493371403075e-06,-9.799204571334331e-06,6.168913301090589e-05,0.6667122963463896,0.0,0.0,0.0,0.0,0.0,0.0,AVOID_PERSON,real_media,,,,,curated_real_balanced.csv,,
1.000015194129703,-3.872420036489792e-05,-3.192077839343707e-05,2.4123866390832428e-05,3.375795765427016e-05,0.0001086142380336,0.7590968600202891,0.0868476461013217,-0.0500041209522214,-0.091660063332385,-0.0001019546934742,0.9999000839421636,4.729313310427668e-05,2.166554934929817e-05,0.0001000415593402,-0.0002467028113214,0.7025584141521256,0.0327054858888068,-0.1655600961334707,0.1334567324171209,9.48463018723606e-05,-2.589000986167008e-05,0.9999690436252456,4.101884848684392e-05,2.3020597719842825e-05,0.0001124258178718,0.712549497980646,0.0509852624590396,0.4720400195709966,0.3834134941488579,2.5175008651802367e-05,0.0001061093774061,0.999886884229155,5.928687255552369e-06,6.122179357641526e-05,1.0001291623550692,0.9999831460847836,0.0,0.0,0.0,0.0,0.0,0.0,AVOID_PERSON,real_media,,,,,curated_real_balanced.csv,,
1.0,0.0,0.0,0.0,0.0,0.0,0.817091703414917,0.0439127604166666,-0.015625,0.6,1.0,0.0,0.0,0.0,0.0,0.0,0.7987554669380188,0.0115234375,0.0875,0.8708333333333333,1.0,0.0,0.0,0.0,0.0,0.0,0.7289908528327942,0.024921875,0.246875,0.6375,0.0,0.0,0.0,1.0,0.0,1.0,1.0,0.0,0.0,0.0,0.0,0.0,0.0,EXPLORE,real_media,mixkit_table_07.mp4,100.0,AVOID_PERSON,1.0,media_labeled_batch_A_real_corrected.csv,batch_A_real,mixed
1.0,0.0,0.0,0.0,0.0,0.0,0.8616388440132141,0.1101790364583333,0.365625,0.3875,1.0,0.0,0.0,0.0,0.0,0.0,0.741664707660675,0.081640625,-0.39375,0.3208333333333333,1.0,0.0,0.0,0.0,0.0,0.0,0.5186997652053833,0.073271484375,-0.3875,-0.4666666666666667,0.0,0.0,0.0,0.0,1.0,1.0,1.0,0.0,0.0,0.0,0.0,0.0,0.0,CHECK_TABLE,real_media,mixkit_table_06.mp4,660.0,AVOID_PERSON,1.0,media_labeled_batch_A_real_corrected.csv,batch_A_real,mixed
1.902653604573552e-06,-0.0001212821108532,-8.806582459632506e-05,1.000074638952625,8.230227304342954e-05,-0.0001155556189791,0.4565575406434397,0.0141792539259847,0.6656607882139813,0.1166439729711718,-1.3310085915285533e-05,5.822419628278741e-05,9.962758613646637e-07,-0.0001142316071314,3.375518034485538e-05,-4.652998876128073e-05,-0.0001235470094098,-0.0001790840880464,7.389405793906917e-05,-6.653383589932278e-05,-5.048446933162792e-05,7.273635984388351e-05,0.0002070352943811,-0.0001074877053507,-9.663153419977658e-05,-6.444259264065541e-05,-0.0001107016752158,0.0001869141499933,-0.0001980441214018,3.086951635794496e-06,0.9999191982060616,-0.0001248552774706,-5.181543990934502e-05,-7.777406127336537e-05,1.6833884913781944e-06,4.729284826302484e-06,0.3333386116309206,0.0,0.0,0.0,0.0,0.0,0.0,EXPLORE,real_media,,,,,curated_real_balanced.csv,,
1.000001504929258,1.807265429075932e-05,0.0003408916922526,0.0001542938252415,-8.601932379398096e-06,4.982342022354999e-05,0.7044686699029854,0.0831500017575136,0.8439435724916209,0.2084996745964229,-1.0070319101551293e-05,1.000007765851043,-2.6844221656958168e-05,-3.9820854694772166e-05,-3.4715490627189004e-05,9.75916024008535e-05,0.6644497158073372,0.0387810263302641,-0.5969092481716282,-0.0250437894654766,3.300287573210893e-05,-6.778099441777064e-05,0.9999220412372954,-0.0001009518102139,-5.991631178095467e-05,-3.366018540673397e-05,0.7473544739354596,0.0936588442867057,0.0282253017178927,0.3582512148061572,-3.708588698366632e-06,0.9999730015593988,-0.0001316066420663,-0.0001723106341513,0.0001195406487327,1.0000356690637848,0.9997959337106423,0.0,0.0,0.0,0.0,0.0,0.0,CHECK_TABLE,real_media,,,,,curated_real_balanced.csv,,
1.0,0.0,0.0,0.0,0.0,0.0,0.8929046392440796,0.039609375,-0.696875,0.6416666666666667,1.0,0.0,0.0,0.0,0.0,0.0,0.8429740071296692,0.0375390625,-0.4875,0.6125,1.0,0.0,0.0,0.0,0.0,0.0,0.7590270042419434,0.004404296875,0.178125,0.0416666666666666,0.0,0.0,0.0,1.0,0.0,1.0,1.0,0.0,0.0,0.0,0.0,0.0,0.0,MOVE_TO_CHAIR,real_media,mixkit_table_07.mp4,245.0,MOVE_TO_CHAIR,1.0,media_labeled_stage2_curated_train_20260506.csv,batch_stage2_train_20260506,occlusion
-0.0002408897479929,-6.119100729823942e-06,0.9999428747575886,3.459008124191657e-05,-1.1179887293054694e-05,0.0001202615479277,0.9712533440946804,0.0542732348166358,0.0249109877458225,0.3374721212783798,-7.449607995129585e-05,-3.421920941023677e-05,-6.054504573829316e-05,-6.683613644383169e-05,-0.0001421281710886,-4.930451345240357e-06,-0.0001055938928493,6.254568231205144e-05,4.913580358775277e-05,0.000121475764183,9.80184481697644e-05,4.055634211642126e-05,0.0002406978838574,2.9658070892051726e-05,1.9633661045506853e-05,-7.120127923531251e-05,5.099673692077064e-06,0.0001460662396638,6.449998131632736e-05,3.798168987438228e-05,-0.0001559849790325,-0.0003279887725791,0.9998683743688116,-5.003577170356933e-05,0.0002492919330218,1.000136111859422,0.3331959354160502,0.0,0.0,0.0,0.0,0.0,0.0,CHECK_TABLE,real_media,,,,,curated_real_balanced.csv,,
1.0,0.0,0.0,0.0,0.0,0.0,0.845476508140564,0.08779296875,-0.35,0.3458333333333333,1.0,0.0,0.0,0.0,0.0,0.0,0.8156425356864929,0.1125390625,0.375,0.3458333333333333,1.0,0.0,0.0,0.0,0.0,0.0,0.8104326128959656,0.0830729166666666,-0.578125,-0.4583333333333333,1.0,0.0,0.0,0.0,0.0,0.0,1.0,0.0,0.0,0.0,0.0,0.0,0.0,AVOID_PERSON,real_media,mixkit_table_06.mp4,40.0,AVOID_PERSON,1.0,media_labeled_batch_A_real_corrected.csv,batch_A_real,mixed
-6.951950385490192e-05,0.999971806956202,-2.5619581728492488e-05,0.0002106518636481,-0.0001252601180663,-3.016268005537077e-05,0.6860509214098798,0.041121585036303,-0.496876573524518,-0.4542697196833153,0.0001235700196413,0.0001275540258773,0.9997089513001652,-5.044073942716606e-05,4.794407389223544e-05,0.0001307179983524,0.8250059270152096,0.0396288182509744,-0.2466082952912652,0.2625357981909392,-0.000180415790772,9.456840465922682e-05,-0.0001920259672909,-2.076892378754051e-05,0.0001309501596556,0.0002096668724686,7.976981932217998e-05,-0.0001090372102603,0.0001069217759806,-5.180011225228956e-06,-4.339196281890319e-05,-9.078242443909432e-05,1.0000435721359962,-2.2402167331239783e-05,0.0001818367802003,1.0002210622665977,0.6666471594102743,0.0,0.0,0.0,0.0,0.0,0.0,CHECK_TABLE,real_media,,,,,curated_real_balanced.csv,,
1.0001931880431452,0.0001448331683165,-8.485106711194036e-05,-0.0001080831019104,-3.5348932612037755e-05,-0.0001263051173793,0.7778210297409929,0.0681762609503718,-0.0156171533173899,0.0667466111445521,0.0002196242323442,-6.92292097459218e-06,-4.936210541377544e-05,1.178274838634038e-06,0.0001080074280035,2.7917832117563663e-05,-0.0001810397830223,-6.30541345018831e-05,-0.0001423302114722,-0.0001020015505702,-0.0001495556461555,5.507948359580761e-05,8.60270484782037e-05,-1.205629975132217e-05,-0.000102411962684,1.5261318760554432e-05,4.94826766153048e-06,-9.197211520225674e-05,-8.106594220459033e-05,-9.373238669406192e-06,-2.4438319589463965e-05,0.9999417829993996,1.5569349941687922e-06,1.0663454324442616e-05,6.594774050253864e-05,1.0001173236912908,0.333299933742527,0.0,0.0,0.0,0.0,0.0,0.0,AVOID_PERSON,real_media,,,,,curated_real_balanced.csv,,
1.0,0.0,0.0,0.0,0.0,0.0,0.8669367432594299,0.0865169270833333,-0.365625,0.3291666666666666,1.0,0.0,0.0,0.0,0.0,0.0,0.766477108001709,0.077197265625,0.375,0.4375,1.0,0.0,0.0,0.0,0.0,0.0,0.5901861786842346,0.1048177083333333,0.4,0.3458333333333333,1.0,0.0,0.0,0.0,0.0,0.0,1.0,0.0,0.0,0.0,0.0,0.0,0.0,MOVE_TO_CHAIR,real_media,mixkit_table_06.mp4,280.0,AVOID_PERSON,1.0,media_labeled_batch_A_real_corrected.csv,batch_A_real,mixed
0.9999694526837896,-3.034593557747122e-05,2.387823079421598e-06,0.0001333716810591,2.841683890645694e-05,0.0001034601628049,0.5214532616186428,0.0586951948399845,0.4843803539000451,0.4082725677322067,0.0001987826157534,-1.7260715806193698e-05,1.0001355617728087,3.376675941348693e-05,1.3645054164812335e-05,6.29069719367427e-05,0.8320007906960952,0.0827368208101294,-0.1248568206909934,-0.1666885202622039,-2.3555279447312665e-05,-0.0001067303600649,0.0001184104935686,-0.0001019724849838,3.5031342066544487e-05,-8.759729309165966e-05,-4.195925523031418e-05,-9.022991069142131e-05,-1.2374451679918858e-06,-0.000116261428112,0.999935686310358,-7.51474768788073e-05,-6.576922588954859e-05,-7.745676299320261e-05,9.493169909012268e-05,1.516525807584047e-05,0.6664687511671004,0.0,0.0,0.0,0.0,0.0,0.0,CHECK_TABLE,real_media,,,,,curated_real_balanced.csv,,
0.9999552877071828,9.687371136889638e-05,-0.0001298293121571,4.697297219195281e-05,7.383444486124322e-05,-0.0001472467737998,0.8816778245712338,0.1154593915567976,-0.4217947458210668,-0.0208885335761839,-0.000133644248599,1.000004622675893,-1.528045506562775e-05,3.06979212997554e-05,-0.0001438873012204,0.0001839769112007,0.595334425304316,0.0355861731026842,0.0501446874058001,0.2208414221890912,-8.243347483495012e-05,-3.692309536488156e-05,1.0000434234277955,4.970981090051549e-05,5.314247334280193e-05,3.038479475013359e-05,0.7773132830366754,0.0384983641152264,0.2874705550859556,0.1749903261373398,1.0001105375639798,2.4033215279452497e-05,-0.0001684808015736,-0.0001128917010218,-0.0001011092314309,7.107688967026692e-06,1.0001587603359292,0.0,0.0,0.0,0.0,0.0,0.0,AVOID_PERSON,real_media,,,,,curated_real_balanced.csv,,
1.0001116756850348,-5.713617241393997e-05,-1.7994418500312578e-05,-0.0001521962038774,-3.19662025469496e-05,-1.862402309734701e-05,0.9446520212765868,0.0691512807524255,-0.1782957420419252,0.0708271656706562,0.0001012608096454,1.0000896773367518,-9.056928102658578e-06,7.362559794270106e-05,-2.177456387824102e-05,6.132832187233667e-05,0.7204085683843625,0.0588120294026509,-0.1564314018448008,-0.0793824561012042,5.554876444857741e-05,-9.877034290983616e-05,7.224069110918957e-05,0.0001994997529413,7.759806333269239e-05,-2.2136835651770068e-05,9.77550278586222e-05,0.0001581696880949,-3.3642863521298423e-06,0.000121678398184,2.603753581673624e-05,1.0000480253748674,-0.0001062945600333,-2.432204633332575e-05,-7.866183945541523e-05,0.9999704962503088,0.6665982727253124,0.0,0.0,0.0,0.0,0.0,0.0,AVOID_PERSON,real_media,,,,,curated_real_balanced.csv,,
1.0,0.0,0.0,0.0,0.0,0.0,0.7461211085319519,0.01259765625,-0.871875,-0.1458333333333333,1.0,0.0,0.0,0.0,0.0,0.0,0.7176519632339478,0.017626953125,-0.590625,-0.0583333333333333,0.0,1.0,0.0,0.0,0.0,0.0,0.7485461831092834,0.016953125,0.11875,0.8208333333333333,0.0,0.0,1.0,0.0,0.0,1.0,1.0,0.0,0.0,0.0,0.0,0.0,0.0,MOVE_TO_CHAIR,real_media,mixkit_table_07.mp4,340.0,MOVE_TO_CHAIR,1.0,media_labeled_batch_A_real_corrected.csv,batch_A_real,mixed
2.372458652079433e-05,9.715579294126027e-05,1.0000771637447303,-9.86688922883175e-05,2.812633132119972e-05,-8.831997478858333e-05,0.9465869637384235,0.0592713534106185,0.3843963575729941,0.2876487618877236,2.53652874185136e-05,1.000030157159615,-3.031979884415269e-05,7.066668374721864e-05,-0.0001296181611749,-5.3108640042129045e-05,0.5233927873547995,0.0396303464983607,-0.6562918205909188,-0.4833537430487575,0.0001573767325292,7.819636132668233e-05,8.399170275728692e-05,3.677730105260452e-05,-0.0001583303510376,-9.305631806208672e-05,4.135483688376497e-05,-7.297695428833648e-05,5.156948516627481e-05,-6.076516080632291e-05,-4.709649321369788e-05,1.0000023994449465,0.0002010820623314,6.238595758366927e-05,-0.0001212380337454,0.9999432561417296,0.6666510064180119,0.0,0.0,0.0,0.0,0.0,0.0,CHECK_TABLE,real_media,,,,,curated_real_balanced.csv,,
0.0001943734950346,1.0000931015071173,-5.6415376990418735e-05,0.0002444289030955,-5.496085569790196e-05,-4.075260038274128e-05,0.8337094943591903,0.0960736281145448,0.1343832888557839,0.4291881012745031,0.0001549410646932,-0.0001380367375277,0.9999678307077888,9.417084033051752e-05,-2.893625481708185e-05,-3.8872402316985e-08,0.7591011689126514,0.0407530028899093,-0.3219200196599474,0.6082345499438037,8.227688263068387e-05,7.401096541638028e-05,-1.965411832693784e-05,5.277786723136673e-06,-0.0001154849042056,8.832619201975698e-05,-5.489507735910445e-05,2.172141221211048e-05,4.761007865830474e-05,5.882813426151448e-05,1.000265598558184,4.9844884091744406e-05,-0.0001598247909412,3.0102580444093005e-05,7.122095947413004e-05,-0.0001524012950462,0.666604916167018,0.0,0.0,0.0,0.0,0.0,0.0,MOVE_TO_CHAIR,real_media,,,,,curated_real_balanced.csv,,
0.9999192112924322,0.0001677509868789,-8.233645141798717e-05,-9.268128886266116e-05,2.7705635887601587e-05,-0.0001605698651602,0.972553660848166,0.1036155896811442,0.3469326524243315,-0.3791211040594616,0.0002365856730565,7.928725072799201e-05,1.0001145597265189,-0.0001113210362524,-2.9187881178028203e-05,-9.772510372595308e-05,0.7613999163384271,0.039002209219731,0.778080968964149,0.4791637893486753,6.887487625771936e-05,3.4182914317743064e-05,6.74953639734585e-05,-1.0781879409530982e-05,-7.097953734157956e-05,-0.0001001707351333,-8.810425286853835e-05,6.062615170494696e-05,4.91946588225984e-05,-2.736572713787864e-05,1.1820728221518498e-05,0.9998443385239902,1.104065389285537e-05,3.1680428875893304e-05,-9.77945190965596e-05,1.000046111276203,0.6665635338641577,0.0,0.0,0.0,0.0,0.0,0.0,AVOID_PERSON,real_media,,,,,curated_real_balanced.csv,,
1.0,0.0,0.0,0.0,0.0,0.0,0.6559280157089233,0.0290592447916666,0.625,0.6666666666666666,1.0,0.0,0.0,0.0,0.0,0.0,0.6637485027313232,0.0203125,-0.2125,0.5916666666666667,1.0,0.0,0.0,0.0,0.0,0.0,0.6270039677619934,0.0088802083333333,-0.25,-0.575,0.0,0.0,1.0,0.0,0.0,1.0,1.0,0.0,0.0,0.0,0.0,0.0,0.0,EXPLORE,real_media,mixkit_table_07.mp4,80.0,MOVE_TO_CHAIR,1.0,media_labeled_batch_A_real_corrected.csv,batch_A_real,mixed
-3.080140761057015e-05,0.9999639207015066,3.244947081414511e-06,6.645917696299227e-06,-7.189406915685044e-05,5.538841905824451e-05,0.843137197239278,0.072955161750493,-0.1374783974357833,-0.21247978147736,3.529537113852963e-05,-0.0001110096971709,0.9999225467378856,4.647566426980376e-06,6.537045603548586e-05,4.339320458628265e-05,0.4852754766302983,0.0533844758503465,-0.3843317107224136,3.393163021915486e-05,0.0001256797637951,0.0001519517382507,-8.897893769660111e-05,-1.985887789514632e-07,-8.817933966414526e-05,-8.662443755917367e-05,7.944435461749414e-05,1.3206712756243e-05,8.996891493219441e-05,-0.0001248891659607,-1.0612036335965716e-05,-5.175867898174873e-05,-0.0001262290321844,0.9998148814888006,9.984121589867056e-05,0.9999076989265904,0.6665680650724172,0.0,0.0,0.0,0.0,0.0,0.0,MOVE_TO_CHAIR,real_media,,,,,curated_real_balanced.csv,,
1.0000901814273986,3.554831238800973e-05,4.150474257781048e-05,-0.000126330930375,-4.6424172726343565e-05,0.0001364358601112,0.772553579253592,0.0916975351341278,-0.0062044164320633,0.0168633624309221,0.0001208693773981,0.0001371485816907,0.9999532938498696,1.9127737443546063e-05,-7.449587999124252e-05,-3.093587826779222e-05,0.7413689360841591,0.0621212680440746,0.718881580470057,0.058337480437531,-3.6911108548500686e-05,-8.857057034003471e-05,0.0001252859509766,6.487797386766557e-05,-2.9953103183887903e-05,-0.0001214955303619,7.851016930569179e-05,-1.715416154188528e-05,9.406722922470425e-05,4.118741078873938e-07,0.0001405248710826,-6.546874087500926e-06,1.0001573995717368,7.896510166722152e-05,-0.0001355643037523,0.9999694410723112,0.666821289676723,0.0,0.0,0.0,0.0,0.0,0.0,AVOID_PERSON,real_media,,,,,curated_real_balanced.csv,,
-6.126372594157694e-05,0.999945796694603,-1.599311784023194e-05,3.593741063228561e-05,2.393382820154457e-06,-0.0001088926344763,0.961556568684348,0.0539999272856917,-0.3281646620029789,-0.154152024148156,1.0000071553746823,3.0564709086819224e-05,1.2714306545468824e-05,9.129383869143532e-05,-5.432761684134192e-05,-8.141167268367708e-06,0.7333859769259921,0.0337894649293614,0.772084360797793,-0.66665763234432,-5.002062870849816e-05,6.646815096894984e-05,1.0001301482468992,-4.848645881757672e-05,4.992906441587138e-05,-2.039281161061212e-05,0.5771661386239344,0.05849511831997,-0.2813224277480454,0.4999818486082473,1.0000019406335945,0.000141549292062,-4.04192466213776e-05,-6.398837994728639e-06,9.712842393018846e-05,-0.0001660500273686,1.0001382733513138,0.0,0.0,0.0,0.0,0.0,0.0,MOVE_TO_CHAIR,real_media,,,,,curated_real_balanced.csv,,
0.0001331528612872,0.0001439126119937,4.710394570806143e-05,-6.030665454671634e-05,1.6020416633155337e-06,1.0001130308557735,0.2597255213641095,0.4887214667142653,0.0375158123552216,-0.0540811053142261,-0.0001506420452186,-0.0001742396543599,5.764146306861523e-05,-2.917624875989309e-05,-0.0001030352613454,-6.938010097957929e-05,-5.534696757379776e-05,-8.26931307287044e-05,-4.781741841913853e-05,-0.0001638947210401,-2.860946069379617e-05,-0.0002343364542614,4.025774617559844e-05,7.278437780869802e-05,8.355328750667182e-05,9.687915304455818e-05,-5.4147833414174175e-05,0.0001417293376838,-6.74163488926914e-05,9.342978621298034e-05,1.0000448279156935,4.3618158403338855e-05,4.13637116520334e-05,-1.855998304833539e-05,-1.7617228028947911e-06,8.94690646414251e-05,0.3333830529694941,0.0,0.0,0.0,0.0,0.0,0.0,EXPLORE,real_media,mixkit_space_05.mp4,294.0,EXPLORE,1.0,curated_real_balanced.csv,,
0.0001036039867453,1.0001597918708802,9.107252069816762e-05,-0.0001511549233968,-5.20452860149577e-05,-0.0001098522216869,0.8251737848178161,0.0892606553474782,0.287356330611259,-0.1085509509571455,-0.0001539844066712,-3.9523568408985415e-05,9.84589901558148e-05,-8.31819378640187e-05,-0.000135934026101,-1.2786850970814798e-05,-4.4078395810742384e-05,4.405065522401962e-05,0.00013076084522,-7.639548128942459e-05,2.309170419540053e-05,-0.0001033234677252,-4.552620928022924e-05,-0.0001080138891359,-3.9566272970270553e-05,-3.558299621165878e-05,3.759351971748893e-05,-1.866036472970928e-06,-5.740639548837121e-05,-0.0001047813639358,0.0002195845373343,9.307776140170634e-06,-0.000112829533519,0.0001118737719434,0.999867318787783,1.0000634443069216,0.3334307352624018,0.0,0.0,0.0,0.0,0.0,0.0,MOVE_TO_CHAIR,real_media,,,,,curated_real_balanced.csv,,
1.0,0.0,0.0,0.0,0.0,0.0,0.8494186401367188,0.1068033854166666,-0.303125,-0.425,1.0,0.0,0.0,0.0,0.0,0.0,0.8067375421524048,0.1044140625,0.3875,0.35,1.0,0.0,0.0,0.0,0.0,0.0,0.831642210483551,0.069921875,-0.40625,0.3541666666666667,1.0,0.0,0.0,0.0,0.0,0.0,1.0,0.0,0.0,0.0,0.0,0.0,0.0,AVOID_PERSON,real_media,mixkit_table_06.mp4,120.0,AVOID_PERSON,1.0,media_labeled_batch_A_real_corrected.csv,batch_A_real,mixed
-3.718558174986688e-06,2.956632059017641e-05,5.3325133675714725e-05,5.680332148649707e-06,6.417472891140964e-05,-4.859427975206628e-05,4.4124954496204365e-05,0.0001037863527203,-2.3778024264526466e-05,0.0001676500330108,-9.846348136675128e-05,9.903219959808692e-05,0.0002231605678155,0.0001710687759036,0.0001133192296635,0.000129364442459,-2.6776536399977244e-05,0.0001718724123486,-4.625772983388429e-05,-2.7507139045492496e-05,-0.0001825385691844,0.0001069976584044,7.71698938772191e-05,-3.074375154245489e-06,8.91002614629043e-05,8.909415874662005e-05,-0.0001372426910776,0.0002249436362531,2.2201789961491782e-05,5.2257245705448566e-05,0.0001713711448005,-9.546731734185056e-05,0.99991216329699,-9.256108607103817e-05,6.521480496051247e-06,1.0001823448290468,-0.0001089827936945,0.0,0.0,0.0,0.0,0.0,0.0,EXPLORE,real_media,,,,,curated_real_balanced.csv,,
0.9999715645307152,0.0001262118485886,9.106064338345628e-05,6.973863930696833e-05,-6.645664676822814e-05,0.0001222262289959,0.5776446920821146,0.0535177517220509,0.5063928278276885,0.0667029157210015,-0.0001198457707875,3.905720275718184e-05,1.000024848681389,-4.1712271105889335e-05,-6.717643614521946e-05,-0.0001054016549925,0.8011475114595872,0.0526130500143097,0.1438767953567106,-0.2666620400553355,-7.361469486515888e-05,-4.917663876154918e-05,4.807902551763822e-05,5.4997164695429504e-05,0.000154075272604,-9.974917529866429e-06,-0.000146442792036,0.0001046385643792,9.816931223661532e-05,-3.092675784342121e-06,1.0000374293277292,-0.0001022222689967,-7.977762059219588e-05,0.000137144782733,-1.9628308325400696e-06,3.017885833839878e-05,0.666573395651609,0.0,0.0,0.0,0.0,0.0,0.0,CHECK_TABLE,real_media,,,,,curated_real_balanced.csv,,
1.0,0.0,0.0,0.0,0.0,0.0,0.7838950753211975,0.1273307291666666,0.4125,0.2416666666666666,1.0,0.0,0.0,0.0,0.0,0.0,0.7417387962341309,0.071982421875,-0.409375,0.3375,1.0,0.0,0.0,0.0,0.0,0.0,0.5937882661819458,0.0770865885416666,-0.3875,-0.4083333333333333,1.0,0.0,0.0,0.0,0.0,0.0,1.0,0.0,0.0,0.0,0.0,0.0,0.0,CHECK_TABLE,real_media,mixkit_table_06.mp4,770.0,AVOID_PERSON,1.0,media_labeled_batch_A_real_corrected.csv,batch_A_real,mixed
0.0001482223460025,0.9999876673872224,-9.62876435096136e-05,0.0001713006092868,-0.0001404815190796,6.023315673367505e-05,0.8376466085614712,0.066057134557208,0.0093791307189171,-0.2500069536474854,-6.036390067411155e-06,-0.0001090254627606,1.0000041152063126,-1.5351144122248572e-05,-0.0001230661880673,-1.1689766130122275e-05,0.9400100034624148,0.108191817844016,0.1720290316067425,0.4041154405739286,-0.0001058611611678,-0.0001040452677795,-6.971607681130499e-05,3.114698973301702e-05,-2.359407341963348e-05,-8.582521349501889e-05,1.328235317759544e-05,-0.0001647919355779,0.000170291433443,-4.151661373436526e-05,0.0001083237287805,1.0000315811092777,-9.908864739470304e-05,3.71792969306908e-05,-1.8932122594109185e-05,0.9998403404112668,0.6665478903023712,0.0,0.0,0.0,0.0,0.0,0.0,CHECK_TABLE,real_media,,,,,curated_real_balanced.csv,,
0.99994006380039,-6.259566451098216e-05,-0.000154040875733,2.8219965034575013e-05,0.000213089786904,-3.148767374168518e-05,0.9435782674247368,0.1217082772660018,-0.1219469988354707,-0.683243107458671,0.0001104951384849,1.0000918704234587,0.0001246901452258,-2.3100783062225023e-05,-4.293149574344493e-05,0.0001913194108305,0.6968909123925542,0.0444550917891584,-0.2406336548882942,0.5332951995435433,-2.185359297058166e-05,-2.115427824387676e-05,1.0000293754417704,-1.5501692582549924e-05,0.0001093723118819,-2.68302040579624e-05,0.5033106749145202,0.0647718236277248,0.8029723192541145,0.5999321087878806,7.043705483935217e-05,1.000035902704992,9.077242955093318e-06,4.194387941622846e-05,-0.0001116658090039,1.0000208939396538,0.999937683006177,0.0,0.0,0.0,0.0,0.0,0.0,AVOID_PERSON,real_media,,,,,curated_real_balanced.csv,,
1.0,0.0,0.0,0.0,0.0,0.0,0.7527152895927429,0.0318815104166666,0.0625,0.5708333333333333,1.0,0.0,0.0,0.0,0.0,0.0,0.55898517370224,0.0043359375,0.165625,0.0375,1.0,0.0,0.0,0.0,0.0,0.0,0.5204472541809082,0.0280403645833333,-0.2,0.6875,0.0,0.0,1.0,0.0,0.0,1.0,1.0,0.0,0.0,0.0,0.0,0.0,0.0,EXPLORE,real_media,mixkit_table_07.mp4,190.0,AVOID_PERSON,1.0,media_labeled_batch_A_real_corrected.csv,batch_A_real,mixed
1.0,0.0,0.0,0.0,0.0,0.0,0.6550775766372681,0.0256640625,0.621875,0.65,0.0,1.0,0.0,0.0,0.0,0.0,0.749121367931366,0.0157421875,-0.20625,0.8333333333333334,1.0,0.0,0.0,0.0,0.0,0.0,0.5483517050743103,0.015234375,-0.890625,-0.1291666666666666,0.0,0.0,1.0,0.0,0.0,1.0,1.0,0.0,0.0,0.0,0.0,0.0,0.0,MOVE_TO_CHAIR,real_media,mixkit_table_07.mp4,85.0,MOVE_TO_CHAIR,1.0,media_labeled_stage2_curated_train_20260506.csv,batch_stage2_train_20260506,occlusion
-0.0001463157799279,0.000142576334942,1.0000431431521302,-2.2788185592059474e-05,-1.9813475870309214e-05,-0.000102514753806,0.8404306396241723,0.0674766223824501,0.2844476257488539,0.6708231344109992,-0.0001490739581435,0.9999495324956456,-1.3092234622386944e-05,-3.588502235471131e-07,7.510699240718689e-05,6.73544028923014e-06,0.4991565636963542,0.0483481591066441,-0.4937850968097941,0.3750060278973767,-0.0001141993204432,5.623321320837732e-05,2.666173137886712e-05,2.585835821031598e-05,4.986906799641471e-05,-8.682811250349276e-05,2.2608726464940674e-05,-8.956160516372252e-06,-6.401202469859119e-05,-3.43839055539714e-05,0.9999295636273854,0.0001460458347948,0.0001081361654298,-1.8979437541380256e-05,-0.0001484725807226,-1.2502872194430836e-06,0.6665775639153955,0.0,0.0,0.0,0.0,0.0,0.0,CHECK_TABLE,real_media,,,,,curated_real_balanced.csv,,
-4.761888623906533e-05,9.65514398080941e-05,1.0001077383821857,0.0001089972824085,-2.0257589757103822e-05,4.980229535914354e-05,0.8282229640810513,0.0818753431407222,-0.0437564592700819,-0.2543293192353997,2.354632837359084e-05,-6.293062406650268e-05,-0.0001059396408685,-3.302501642205038e-05,-1.91292280686376e-05,-0.0001668235550731,-2.0800092089992062e-05,-0.0001072251459148,0.0001503942793336,0.0001009387181112,9.294512970868171e-06,-0.0001075726698202,0.0001413647970124,-0.000132727207367,3.5314670583462507e-06,-2.081791037309472e-05,-7.55784526822645e-05,-3.891201697045743e-05,0.0002802987193419,-1.7021389047740162e-05,0.0001373647874649,0.9998902721048786,-0.000125758488893,-0.0001848288496643,6.88800708968408e-05,0.999966693912133,0.3333746595127914,0.0,0.0,0.0,0.0,0.0,0.0,CHECK_TABLE,real_media,,,,,curated_real_balanced.csv,,
1.0,0.0,0.0,0.0,0.0,0.0,0.8531047701835632,0.1191927083333333,0.359375,0.35,1.0,0.0,0.0,0.0,0.0,0.0,0.8578779697418213,0.0900911458333333,-0.34375,0.3458333333333333,1.0,0.0,0.0,0.0,0.0,0.0,0.7892188429832458,0.08421875,-0.571875,-0.4916666666666666,0.0,0.0,1.0,0.0,0.0,1.0,1.0,0.0,0.0,0.0,0.0,0.0,0.0,AVOID_PERSON,real_media,mixkit_table_06.mp4,50.0,AVOID_PERSON,1.0,media_labeled_batch_A_real_corrected.csv,batch_A_real,mixed
1.000074130074132,0.0001461168858137,2.344742499722788e-05,8.598592936243973e-05,7.808461914094146e-05,7.982167844560785e-05,0.7876102934542499,0.0576176186987019,0.0500482579556421,0.1625545281674004,2.157739190766878e-05,-0.0002372680623053,0.9999082016211812,-0.0001930330123497,0.0001748581597733,-0.0001523944582941,0.629487514887777,0.0385952747939777,0.5749142904747069,-0.1042925800971493,-1.2824864118305178e-05,-0.0002184732382174,-9.854403902685207e-06,-6.529360800556746e-05,3.974955685012192e-05,-0.0002019793242652,6.510447969674797e-05,9.92922869655832e-05,-8.656377728691419e-05,3.797191281186538e-05,-4.916141458479844e-06,0.0001593443160503,1.0000765597815215,-7.137661405421164e-06,-0.0001716098325866,0.999865781484603,0.6666201723141304,0.0,0.0,0.0,0.0,0.0,0.0,AVOID_PERSON,real_media,,,,,curated_real_balanced.csv,,
-9.162904012065751e-05,3.2560355727703065e-05,1.494084149756568e-06,-4.1243923995843554e-05,0.999995055156746,2.647062200253137e-05,0.6560607723883449,0.0584132800043043,-0.8561874263707177,0.1332716551686682,0.0001201503852365,9.008179498241636e-07,-0.0001001185540859,-0.0001027742863476,0.9999529522839082,1.5172747877769376e-05,0.6058012648531427,0.0091794349300623,0.659360761259354,-0.1874429523863718,5.221693227374305e-05,0.0001325701300675,4.822125289861572e-05,1.0110855946110822e-05,-0.0001288345982879,-3.724192309051036e-05,-0.0001409985993449,-0.0001388288121956,-0.0001017654812923,8.674479228998504e-05,8.824554595986242e-05,-2.2762630674614525e-05,1.0000367314144774,-2.8455955494399867e-05,-2.67394607722354e-05,0.9999740589947458,0.6665024177625952,0.0,0.0,0.0,0.0,0.0,0.0,EXPLORE,real_media,,,,,curated_real_balanced.csv,,
1.0,0.0,0.0,0.0,0.0,0.0,0.8647237420082092,0.094453125,0.4,0.375,1.0,0.0,0.0,0.0,0.0,0.0,0.7589641213417053,0.074267578125,-0.409375,0.3375,1.0,0.0,0.0,0.0,0.0,0.0,0.5840374231338501,0.07421875,-0.384375,-0.4208333333333333,1.0,0.0,0.0,0.0,0.0,0.0,1.0,0.0,0.0,0.0,0.0,0.0,0.0,CHECK_TABLE,real_media,mixkit_table_06.mp4,740.0,AVOID_PERSON,1.0,media_labeled_batch_A_real_corrected.csv,batch_A_real,mixed
1.2049345043759157e-05,1.0001124346552548,0.0001690179041825,0.0001377509431889,7.029722518915395e-06,-7.662920972635004e-05,0.7827568860252553,0.0512280523001995,-0.1718279906566689,-0.3750159357485854,6.096967995321838e-05,-0.0001463394580855,0.9999644781487826,-5.644602912566584e-05,-4.834581898172263e-05,3.712825851350226e-06,0.8315868754195557,0.0552199491415708,-0.4156397554206082,0.0250612627323086,-2.312916312311619e-05,-0.000107292258254,7.67406267385139e-05,-9.658785635184844e-05,0.000144636238498,-0.0001166984104227,-8.986597504028414e-05,4.720112878461134e-05,5.928197258585479e-05,-9.11872471853451e-06,3.39812666280962e-05,0.0001259787179661,0.000131262864986,-0.0001331935769026,1.0001139183731824,0.999915994614678,0.6667149124861657,0.0,0.0,0.0,0.0,0.0,0.0,MOVE_TO_CHAIR,real_media,,,,,curated_real_balanced.csv,,
0.9999609661925064,-0.0001895703127877,3.992757341493389e-05,4.725606004060548e-05,1.7462566910888313e-05,-0.0001236246350993,0.9082679470083628,0.0754195919345601,0.1155446580239161,0.0335191936729336,-8.087310255329895e-05,1.0000807193139245,-1.1288405200961674e-05,-0.0001425741661516,3.222022101633331e-06,-8.296666707068955e-06,0.4714495837101297,0.042192853411851,-0.5498047559704569,0.4709881296348,9.321272641107312e-06,-5.705746996610535e-05,0.0001858573278042,-0.0001057859741497,8.983759065108004e-06,-5.423407914304259e-05,7.556525800253339e-05,0.0002044085009043,-1.605400403339156e-05,-9.86996407896167e-05,0.0001096538835163,-0.0001530102782386,1.000039695211299,-5.5813119365491926e-05,5.648331704029068e-05,1.0000494373882132,0.666571404703922,0.0,0.0,0.0,0.0,0.0,0.0,AVOID_PERSON,real_media,,,,,curated_real_balanced.csv,,
1.0,0.0,0.0,0.0,0.0,0.0,0.661487340927124,0.02869140625,0.640625,0.6583333333333333,1.0,0.0,0.0,0.0,0.0,0.0,0.6137486696243286,0.004443359375,0.15,0.0375,1.0,0.0,0.0,0.0,0.0,0.0,0.5586293935775757,0.0193359375,0.259375,0.7875,0.0,0.0,1.0,0.0,0.0,1.0,1.0,0.0,0.0,0.0,0.0,0.0,0.0,MOVE_TO_CHAIR,real_media,mixkit_table_07.mp4,130.0,MOVE_TO_CHAIR,1.0,media_labeled_stage2_curated_train_20260506.csv,batch_stage2_train_20260506,occlusion
0.0,0.0,0.0,0.0,0.0,1.0,0.349043607711792,0.37783203125,-0.13125,0.4791666666666667,0.0,0.0,0.0,0.0,0.0,0.0,0.0,0.0,0.0,0.0,0.0,0.0,0.0,0.0,0.0,0.0,0.0,0.0,0.0,0.0,0.0,0.0,0.0,1.0,0.0,1.0,0.3333333333333333,0.0,0.0,0.0,0.0,0.0,0.0,EXPLORE,real_media,g_batchG_table_finances_closeup_360p.mp4,115.0,EXPLORE,1.0,media_labeled_stage2_curated_train_20260506.csv,batch_stage2_train_20260506,table_focus_clutter
1.0,0.0,0.0,0.0,0.0,0.0,0.8149959444999695,0.1077115885416666,0.39375,0.3458333333333333,1.0,0.0,0.0,0.0,0.0,0.0,0.8046063184738159,0.0907291666666666,-0.38125,0.3,1.0,0.0,0.0,0.0,0.0,0.0,0.6644611358642578,0.0760416666666666,-0.321875,-0.3916666666666666,0.0,0.0,0.0,1.0,0.0,1.0,1.0,0.0,0.0,0.0,0.0,0.0,0.0,MOVE_TO_CHAIR,real_media,mixkit_table_06.mp4,420.0,AVOID_PERSON,1.0,media_labeled_batch_A_real_corrected.csv,batch_A_real,mixed
6.940113642099884e-05,5.391780889044655e-06,3.3553903340858383e-06,0.9998116254978928,5.183599444266779e-05,-2.056887651691554e-05,0.6849507934388943,0.0497006664291981,0.7313111616459692,-0.5583255872381064,2.269555099841815e-07,2.0766106285314667e-05,-0.0002355746914868,-5.474973798140486e-05,0.9999742420096418,-0.0001208601634681,0.3466231076973941,0.0439007750879911,-0.2813154680503256,0.4123958086869125,-5.008585770516949e-05,1.6680140116991834e-05,-1.962365307167932e-05,6.013962604573502e-05,6.228552931833281e-06,-7.356990572084372e-05,1.7527723392975425e-05,0.0002434861571918,2.379483442019656e-05,3.972048796213505e-05,-5.034769614879194e-05,1.0000889990999102,-2.054941399663244e-05,7.827516659065248e-05,-0.0001560420494226,0.9998465765632434,0.6666208644967845,0.0,0.0,0.0,0.0,0.0,0.0,EXPLORE,real_media,,,,,curated_real_balanced.csv,,
1.0,0.0,0.0,0.0,0.0,0.0,0.6353089213371277,0.0171875,0.915625,-0.025,0.0,1.0,0.0,0.0,0.0,0.0,0.780511200428009,0.0130696614583333,0.11875,0.8416666666666667,1.0,0.0,0.0,0.0,0.0,0.0,0.6314566731452942,0.0040625,0.134375,0.0458333333333333,0.0,0.0,1.0,0.0,0.0,1.0,1.0,0.0,0.0,0.0,0.0,0.0,0.0,MOVE_TO_CHAIR,real_media,mixkit_table_07.mp4,45.0,MOVE_TO_CHAIR,1.0,media_labeled_stage2_curated_train_20260506.csv,batch_stage2_train_20260506,occlusion
1.0,0.0,0.0,0.0,0.0,0.0,0.5587874054908752,0.02880859375,0.68125,0.6208333333333333,1.0,0.0,0.0,0.0,0.0,0.0,0.5438974499702454,0.0154036458333333,-0.85625,-0.15,0.0,1.0,0.0,0.0,0.0,0.0,0.6713698506355286,0.0175,0.1125,0.8208333333333333,0.0,0.0,1.0,0.0,0.0,1.0,1.0,0.0,0.0,0.0,0.0,0.0,0.0,MOVE_TO_CHAIR,real_media,mixkit_table_07.mp4,310.0,MOVE_TO_CHAIR,1.0,media_labeled_batch_A_real_corrected.csv,batch_A_real,mixed
-6.125194051114625e-05,2.844430106858408e-05,0.0003428312922883,-6.703688071785662e-05,0.0001090568618322,0.9997999440972974,0.2601910021972838,0.0173589218189135,0.3343616196323924,-0.004121954820987,-7.035698862573618e-05,8.575024897046479e-05,-4.710777167888644e-05,0.0002606134158383,5.226588736887299e-05,0.0002382755272187,-0.0001252480328197,0.0002203905232322,-0.0002289675793425,0.0001703473710088,0.0001831250135415,6.700070831959322e-05,-9.072663604063415e-05,0.0002339105916042,9.908064189445776e-05,7.232590373032934e-05,5.675375456926904e-06,3.5590219758537177e-05,0.0001702977154886,0.000224906202745,6.761337599835035e-06,-3.2978959481099825e-05,-0.0001786208556916,0.0001397471331671,0.9999338134339708,0.9998610486479658,0.3333627763199757,0.0,0.0,0.0,0.0,0.0,0.0,EXPLORE,real_media,,,,,curated_real_balanced.csv,,
0.0,1.0,0.0,0.0,0.0,0.0,0.7147539854049683,0.01681640625,0.1125,0.825,1.0,0.0,0.0,0.0,0.0,0.0,0.5188365578651428,0.024609375,0.678125,0.5875,1.0,0.0,0.0,0.0,0.0,0.0,0.5178796052932739,0.0146484375,-0.859375,-0.15,0.0,0.0,1.0,0.0,0.0,1.0,1.0,0.0,0.0,0.0,0.0,0.0,0.0,MOVE_TO_CHAIR,real_media,mixkit_table_07.mp4,315.0,MOVE_TO_CHAIR,1.0,media_labeled_stage2_curated_train_20260506.csv,batch_stage2_train_20260506,occlusion
1.0,0.0,0.0,0.0,0.0,0.0,0.814519464969635,0.1067708333333333,0.39375,0.35,1.0,0.0,0.0,0.0,0.0,0.0,0.7934139966964722,0.0936100260416666,-0.3375,-0.4458333333333333,1.0,0.0,0.0,0.0,0.0,0.0,0.8174448609352112,0.06599609375,-0.440625,0.3458333333333333,0.0,1.0,0.0,0.0,0.0,1.0,1.0,0.0,0.0,0.0,0.0,0.0,0.0,AVOID_PERSON,real_media,mixkit_table_06.mp4,180.0,AVOID_PERSON,1.0,media_labeled_batch_A_real_corrected.csv,batch_A_real,mixed
-0.0001390094038798,0.9999592314219908,2.3449838830396262e-05,2.795836788378188e-05,-8.598685980184063e-05,2.6890563449080502e-05,0.857690395780788,0.0809418756600033,-0.1185951674473594,-0.133345640843063,-0.0001205654229714,-0.0001184345733521,0.9998706812668624,0.0001469339389962,0.0001298017476751,5.569703851224112e-05,0.4205557840894123,0.0533554438796894,-0.4126082910744983,0.1124238938610744,6.165521014335774e-05,0.0001537706852854,-0.0002256696012012,4.5619756063442855e-05,-8.052800668213548e-05,-0.0001253036353307,3.9452658555513136e-05,-4.830659510056993e-05,1.4410284693771264e-05,-0.0002255155843049,1.000043262349257,0.0001181781763302,-0.0001329210402317,-0.0001004572272518,6.885797265168639e-05,0.0001326017380568,0.6667260384027599,0.0,0.0,0.0,0.0,0.0,0.0,MOVE_TO_CHAIR,real_media,,,,,curated_real_balanced.csv,,
0.0001725949781925,0.9999905108358632,-7.961289486821353e-05,-3.890294983566539e-05,-9.779971302512208e-05,5.599652285828687e-05,0.9468806542210112,0.0739595270567894,-0.3375663224867457,-0.2625645836404345,5.951100318334993e-05,6.191719517346036e-05,2.232196307096008e-05,5.199892174472393e-05,4.733260491488455e-06,9.022965327079298e-05,-9.734961319979704e-05,0.0001512888742579,-0.0001528327835126,-0.000120741392661,7.441804785342895e-05,1.2565267643449686e-05,-2.4630544345075898e-05,0.0001035949890028,0.0001591914733541,-2.462405174850446e-05,8.747009803079171e-05,2.4899497657033906e-05,-0.0001516022426173,1.374791477708148e-05,9.48684342477062e-05,-4.783794574949405e-05,0.0001402845878299,1.6545104587362135e-05,1.0000981247313845,1.000006758100309,0.3333401961873392,0.0,0.0,0.0,0.0,0.0,0.0,MOVE_TO_CHAIR,real_media,,,,,curated_real_balanced.csv,,
1.0000360906134205,0.0001053590223611,0.0001207385744,2.2440153772065185e-05,3.065067245736557e-05,-6.23031651754197e-05,0.8758170154247866,0.0886950874706762,-0.3407954047986855,-0.3000230962771159,0.0001318537642317,0.9999825460395648,5.261542706743268e-05,-3.042800734338105e-05,2.284802442093881e-05,-1.807786907899337e-05,0.6048905951690254,0.0416762413090696,-0.8751892147488431,0.5582408214242884,-3.0422547829201675e-05,-0.0001011781901239,1.5498633850629857e-05,-4.476659361936578e-05,-0.0001838654663543,6.905765626137299e-05,-2.752076726731877e-05,-6.807362755497978e-05,5.6210132843551215e-06,-1.334559943814879e-05,-0.0001163913748828,0.9999741230060496,-0.0001232247678798,0.0001993524591071,-8.509701981978493e-06,1.0000293198607633,0.6667751907011769,0.0,0.0,0.0,0.0,0.0,0.0,AVOID_PERSON,real_media,,,,,curated_real_balanced.csv,,
8.191918567369918e-05,1.0000944247496464,-9.365784442713812e-06,-2.2157428878271484e-05,-0.0001245561254112,3.758566204454782e-06,0.8830241333124111,0.0781397730365167,0.0281129233245967,0.1831394970531234,0.9999414003523308,-3.428499953525786e-05,2.9367638698976247e-05,-3.234861706360337e-05,1.5998522799811216e-05,-9.17452031483064e-05,0.5729332905113063,0.0603585794790474,0.3999037092977777,-0.1499217584998576,2.556595068335325e-06,2.6499810114763912e-05,0.0001155736797022,3.599692609627382e-05,-0.0001656736550738,5.678451708761643e-05,-0.0002087348389276,0.0001044449855255,2.6455525987879825e-05,0.0001097666793061,4.26833209560956e-05,1.3608671058671031e-06,0.0001301653580717,0.9998808243646382,-8.350624861115575e-05,0.9999629980279374,0.6667191233962038,0.0,0.0,0.0,0.0,0.0,0.0,MOVE_TO_CHAIR,real_media,,,,,curated_real_balanced.csv,,
1.0,0.0,0.0,0.0,0.0,0.0,0.8635388612747192,0.0707291666666666,-0.475,0.3791666666666666,1.0,0.0,0.0,0.0,0.0,0.0,0.8128745555877686,0.1098828125,0.43125,0.3625,1.0,0.0,0.0,0.0,0.0,0.0,0.669668436050415,0.06568359375,-0.3875,-0.4625,0.0,0.0,0.0,0.0,1.0,1.0,1.0,0.0,0.0,0.0,0.0,0.0,0.0,EXPLORE,real_media,mixkit_table_06.mp4,990.0,AVOID_PERSON,1.0,media_labeled_batch_A_real_corrected.csv,batch_A_real,mixed
1.0000287728792263,-8.042851782505112e-05,0.0001701223568907,-9.060223273875735e-05,-6.441391008334691e-05,2.142124742134724e-05,0.8435533503055191,0.0725171410144407,-0.0376428014496936,0.0540818744869177,0.0001592991314012,1.0000165401047028,4.13964129275342e-05,-5.302166530531281e-05,8.350577496019434e-05,-1.2275722311341104e-05,0.5783935818109573,0.0249641423308908,-0.7030936464195743,0.8334455794578013,-2.1923213846603487e-05,-8.696929456763255e-05,4.654672508677548e-05,4.917195877229006e-05,5.106396110250802e-05,6.926002225203119e-05,-7.029204613113445e-05,0.0001937052903779,6.981720623125458e-05,8.874178346541452e-05,-0.0001875732177656,-0.000158080503058,0.9998969102721612,-0.0001659958062535,-2.947793426109484e-05,1.0000410113189664,0.6666943743241188,0.0,0.0,0.0,0.0,0.0,0.0,AVOID_PERSON,real_media,,,,,curated_real_balanced.csv,,
9.786140965076068e-05,-0.0001896335020619,1.000140023114994,1.943015234320689e-05,0.0001913247817799,3.841940504005933e-05,0.9524509569423116,0.0724108574525035,0.0937326659315453,0.5082993535837778,-5.517147744226945e-05,9.9327052670233e-05,0.0001265719297794,0.0002559648092662,-6.402221438497554e-05,-0.0002147672294853,-1.1447456040115746e-05,-0.0002007009052973,-0.0001431360858249,-0.000185834119296,-0.0002156809110017,-3.207376132496554e-05,9.217663276161638e-05,-0.0002605226597438,-9.592582253294722e-05,-0.0001171527813708,-0.0001685782090183,-8.46968896936151e-05,-1.789527146211668e-05,8.388237315443507e-05,-1.7314995692745556e-05,-2.341242942794699e-05,1.0002440475562,0.0002140605273934,0.0001743146799638,0.999889980411904,0.3332261572391514,0.0,0.0,0.0,0.0,0.0,0.0,CHECK_TABLE,real_media,,,,,curated_real_balanced.csv,,
0.0002356641378756,0.999963165950468,-0.0001515161746821,-2.632152284009598e-05,-2.3025804100395004e-05,0.0001327519403071,0.3262873480801277,0.0331507309773313,-0.446895807591594,-0.6084053323630049,-2.111944839510881e-05,-7.511164412187492e-05,6.035810996329355e-05,-8.645881138965165e-05,-2.2713704326691907e-05,3.120843583626354e-05,-2.865778243798795e-05,3.887437892546071e-05,7.869988832349813e-05,0.0001009087748577,5.225822465612226e-05,5.574406339281127e-05,-6.60876715411664e-05,-7.611798532295488e-05,6.27567181661584e-06,0.0001812775385862,0.0001244602308489,0.0001403475977337,-7.835524968655736e-05,0.0001849942452199,0.9999102363613532,6.476613432607565e-05,6.20228977229321e-05,8.336966144556594e-05,0.0001328401140132,-4.492891557293504e-05,0.3333027664697989,0.0,0.0,0.0,0.0,0.0,0.0,EXPLORE,real_media,,,,,curated_real_balanced.csv,,
2.4672414420476177e-05,7.863623727809206e-05,-1.5949268421056028e-05,0.9999461421445978,-4.409189213993734e-05,9.829616984355525e-06,0.2808119126066194,0.0251462115910991,-0.8187399919233574,0.4625415737101497,-6.860881954814996e-05,5.01243985767762e-05,9.744280429307585e-05,-0.0001874736027464,2.212511223249637e-05,-0.0001755882857456,7.45602328893086e-05,-3.110203228020936e-05,4.4727496301690446e-05,4.221065076261506e-05,9.657522098001688e-05,-1.2681526147754837e-05,-7.563915550605935e-05,-0.0001122422411328,0.0001453803728206,-7.121288768606102e-06,-2.4844659633591098e-06,-5.191404489494928e-05,-5.839264917282197e-05,4.4884162836188245e-06,1.0001711222306569,0.0001990557493225,-0.0001981305420281,-2.0842680984079227e-05,-1.3332722072266724e-05,0.0001298956926445,0.3336935811732279,0.0,0.0,0.0,0.0,0.0,0.0,EXPLORE,real_media,,,,,curated_real_balanced.csv,,
1.0,0.0,0.0,0.0,0.0,0.0,0.9259061813354492,0.0984700520833333,0.121875,-0.7416666666666667,0.0,0.0,0.0,0.0,0.0,1.0,0.5841151475906372,0.1168782552083333,-0.53125,0.5041666666666667,0.0,0.0,0.0,0.0,0.0,1.0,0.5541925430297852,0.10138671875,-0.203125,-0.0208333333333333,0.0,1.0,0.0,0.0,0.0,1.0,1.0,0.0,0.0,0.0,0.0,0.0,0.0,AVOID_PERSON,real_media,mixkit_table_05.mp4,125.0,AVOID_PERSON,1.0,media_labeled_stage2_curated_train_20260506.csv,batch_stage2_train_20260506,mixed
0.9998955080640176,3.2763052721748867e-05,-5.703844330959518e-05,3.180083807876616e-05,0.0001495029258197,-4.542149617517294e-05,0.6984430337555008,0.0530570026306681,0.7750376409547809,0.791639300804536,1.6348169520528922e-06,3.679721215129715e-05,1.000207118008384,-5.280729180161848e-05,0.0001745922336529,-6.018096041521319e-06,0.973802802696938,0.0617306084371301,-0.2405199517444652,-0.2083392318773002,-5.388233144909456e-05,1.0002754300751684,-0.0001666849882932,-8.369098055955091e-05,0.0001080722192425,5.978662158714754e-06,0.6148068559300973,0.036790677108196,-0.4436467616067791,0.0290384572433359,1.724694823327971e-05,1.000104668731471,-0.0001564368359697,0.0001153868707613,-5.4396855550910206e-05,0.9999130295360468,0.9999874674139804,0.0,0.0,0.0,0.0,0.0,0.0,CHECK_TABLE,real_media,,,,,curated_real_balanced.csv,,
-2.332331541482437e-05,1.0000194213569218,-0.000144057997515,5.127312021560525e-05,4.156063411977786e-05,0.0002577826218641,0.9075911234655526,0.0478698752398592,-0.1716016985425479,0.6252345620857483,2.108140434477568e-05,-2.859127926713356e-05,0.9998359979818042,-3.67978586657537e-05,2.7362913309795708e-05,5.713890730670018e-05,0.5855216979006244,0.0365207016575056,-0.3686262290047309,0.47911069921705,0.0001528921240782,-0.0001015046355391,6.919268327980711e-05,-4.698293224693904e-05,4.187906393035274e-05,7.284046479310898e-05,2.6646998784962795e-05,-0.0002018779330277,0.00012566082101,8.973079720533302e-05,6.385078291773629e-05,-3.3146760886434016e-05,-0.0001055122509005,0.9999711500538974,-0.0001572700874258,0.9998958441314264,0.66676018338966,0.0,0.0,0.0,0.0,0.0,0.0,MOVE_TO_CHAIR,real_media,,,,,curated_real_balanced.csv,,
1.0000025369737569,4.510603950012628e-05,0.0001253640295338,0.0001508177384646,2.754437694203668e-05,6.555712856944441e-05,0.7829617320355152,0.0818106331441109,-0.1844754362446165,0.2334530334584784,-0.0001219516454422,1.0000368743700765,9.56814341748328e-05,-6.217775490621922e-07,-2.804007167577039e-05,8.110535568620011e-05,0.6645898076321404,0.0323158678162776,-0.4438435866336637,0.7499275058529242,4.4913324641241713e-05,-0.0001113891852746,1.0000585347887925,-8.78704367214587e-05,2.6754125069580043e-05,-6.256868029686909e-05,0.8493852265568428,0.0682396368088533,0.2968186920688008,-0.2874564362979958,-6.341491204610848e-05,-0.0001902617075667,0.9998005124250776,-0.000146260926699,8.103189261621956e-05,1.0000086877059993,0.9998904890672872,0.0,0.0,0.0,0.0,0.0,0.0,AVOID_PERSON,real_media,,,,,curated_real_balanced.csv,,
-8.653929743961155e-05,1.0001741746561068,2.9144004241883823e-05,1.1143144442713996e-05,-5.730601211150274e-06,-0.0001054888455279,0.9601294010274972,0.0322085376812259,-0.0186962018469175,0.1083287965499182,1.0000022428434685,-8.404557722175737e-05,0.0001506537804652,-9.997981210060192e-05,4.478059589823056e-05,0.0001240893069418,0.7876659504089495,0.0364743983484022,0.7594674031998495,-0.2834049840019604,-0.0001939932566006,2.364164797952848e-05,1.0000043852598617,3.610325914031596e-05,5.664547240254904e-06,-2.384222289388613e-05,0.4708866313086093,0.0410416956705063,-0.2561709396130898,0.3668128408207159,-6.987105488895999e-05,-5.369282587999611e-05,-0.0001201869217351,1.000054271369578,-7.090755414687761e-05,1.0000165327819066,0.9998928226513436,0.0,0.0,0.0,0.0,0.0,0.0,MOVE_TO_CHAIR,real_media,,,,,curated_real_balanced.csv,,
1.0,0.0,0.0,0.0,0.0,0.0,0.8396261930465698,0.10302734375,0.4,0.325,1.0,0.0,0.0,0.0,0.0,0.0,0.7968014478683472,0.095625,-0.403125,0.3958333333333333,1.0,0.0,0.0,0.0,0.0,0.0,0.6977978944778442,0.06953125,-0.3875,-0.4458333333333333,1.0,0.0,0.0,0.0,0.0,0.0,1.0,0.0,0.0,0.0,0.0,0.0,0.0,EXPLORE,real_media,mixkit_table_06.mp4,1080.0,AVOID_PERSON,1.0,media_labeled_batch_A_real_corrected.csv,batch_A_real,mixed
1.0,0.0,0.0,0.0,0.0,0.0,0.7177878618240356,0.115625,0.359375,0.3625,1.0,0.0,0.0,0.0,0.0,0.0,0.7521458864212036,0.07013671875,-0.409375,0.3333333333333333,1.0,0.0,0.0,0.0,0.0,0.0,0.6437346339225769,0.073046875,-0.384375,-0.4291666666666666,1.0,0.0,0.0,0.0,0.0,0.0,1.0,0.0,0.0,0.0,0.0,0.0,0.0,CHECK_TABLE,real_media,mixkit_table_06.mp4,860.0,AVOID_PERSON,1.0,media_labeled_batch_A_real_corrected.csv,batch_A_real,mixed
0.999831400189674,-1.6246128126548477e-05,-1.907172899163495e-05,-4.455152900326994e-05,-0.0001238187444427,0.0002902783371122,0.8168107275094905,0.053128327354091,0.0624421757622907,-0.0832812584798678,6.816293145550302e-06,0.9998604184721416,-5.132336944879625e-05,3.662982984367359e-05,-4.971360944125516e-05,7.923821874017703e-05,0.6486144769005954,0.0476206682872907,0.0563263142720075,0.5708773693305365,0.0001554208394183,-0.0001420521233653,-0.000158470163224,-8.620578528471443e-05,-3.901449065993805e-05,-2.442289138109124e-05,-0.000185802883234,0.0001311253798661,-3.415379271686508e-06,1.4991231704746792e-05,-0.0001172645868005,0.9999694295135568,-4.593839560643109e-05,2.2230889725624443e-05,0.0001034536963965,1.000002599806525,0.6665830725186921,0.0,0.0,0.0,0.0,0.0,0.0,AVOID_PERSON,real_media,,,,,curated_real_balanced.csv,,
4.826138714148892e-05,-1.329146773931185e-05,-0.0001513667314965,-1.033280405103504e-05,0.0001903669748668,4.692370769532172e-05,4.816065317580223e-05,7.662939417514374e-05,-2.625349910919907e-05,-5.785509756083058e-05,0.000117600949089,-0.0001961258345025,0.0001359449808264,-0.0001841205272718,-0.0001314335229023,1.9925864761361853e-05,5.773314515869021e-06,-0.0001445040600888,-0.0001110315882947,7.403076680948777e-05,2.1615088592141577e-05,-1.6206399542599614e-05,4.1042242870681646e-05,8.021838467845662e-06,0.0001010546147321,-8.727995637030147e-06,-1.0830516445972065e-06,-0.0001000848977444,5.544356006017065e-05,-6.37478074216113e-05,0.9999466162941554,0.0002295063833362,4.873792936968921e-05,0.0001413405441023,-8.932870088473256e-05,-8.89299442468561e-05,-0.0002577900682473,0.0,0.0,0.0,0.0,0.0,0.0,EXPLORE,real_media,,,,,curated_real_balanced.csv,,
5.2292128199634326e-05,-3.229101947680154e-05,-5.528444621191233e-05,-0.0001394086436342,1.0000532437461118,-5.366406087980048e-05,0.7312893206591379,0.0267651754282415,0.240700308322758,0.7166044052923032,0.0002222507128239,2.1026628161682384e-05,0.0001488823011942,-6.473973257689944e-05,-1.0880617439170078e-05,-4.352049392214632e-05,9.806094763246366e-05,9.580392341720162e-05,-0.0001896902724677,4.563085575800955e-05,-1.6997291022399643e-05,-6.119496176421963e-05,-0.0001171908476228,3.558081897183271e-05,7.654123506274878e-05,8.06344863932438e-05,2.6081276985284863e-05,4.968136336616237e-05,-1.5326992283800885e-05,4.4212080342970296e-05,0.0001779463524368,6.389997000730461e-05,-8.684332433245342e-07,0.9998043693493504,-7.107209331533548e-05,1.000017009316114,0.3334306364902559,0.0,0.0,0.0,0.0,0.0,0.0,EXPLORE,real_media,,,,,curated_real_balanced.csv,,
-0.0001439700731004,-6.136519625543024e-06,9.29663988087724e-05,0.000221029709024,0.0001875373356972,7.577242958429943e-05,-5.1187707013621066e-05,5.910256774650192e-05,-6.698457187230662e-05,7.312895851278891e-06,-4.986531056045487e-05,-8.429375342967309e-05,3.824952200277016e-05,-0.0001584476366439,4.984595881727722e-05,-0.0002210836903755,0.0001814335356172,-7.257513694431669e-05,-0.0002980085836745,1.245500997728874e-06,4.0479008916390057e-05,-1.7982166412399006e-05,-5.512472487019119e-05,-8.29096366154658e-06,-3.1595701373865126e-05,-5.0892492399042045e-05,-3.703494250940487e-06,-4.3041953890672285e-05,5.5054780405324014e-05,6.515062214096372e-06,0.000197529048547,3.259754182422136e-05,0.99987232941292,-5.292379248833296e-05,-8.221890275106851e-05,1.0000866294253987,4.797852775521728e-05,0.0,0.0,0.0,0.0,0.0,0.0,EXPLORE,real_media,,,,,curated_real_balanced.csv,,
-6.752454710513869e-05,0.999829887128204,0.0001418200802383,4.809957795750834e-05,-2.28676561708094e-05,-0.0001438419360178,0.886736336543893,0.0556977536552635,0.068603519301207,-0.2958585040604358,-7.775427889290397e-05,-1.2156935670258069e-05,0.9998769832669384,-0.0001249142492618,3.857190617158575e-05,0.0001375693527434,0.8521891923434712,0.036828640083807,-0.1219543149489897,0.6415859030489275,2.2357745342577265e-05,-2.582814696424733e-05,-0.0001307897509764,-0.0001463314645482,-7.64694271679335e-06,3.6610926048757e-05,2.2504919236047022e-05,-3.676954548736657e-05,-7.470238894151614e-05,-9.329087711128948e-05,6.251219309585348e-05,3.026786130268241e-05,0.9999918408819402,8.653494804916207e-05,-2.226262436431891e-05,0.9999037117383064,0.6666788155895429,0.0,0.0,0.0,0.0,0.0,0.0,CHECK_TABLE,real_media,,,,,curated_real_balanced.csv,,
-1.709950500132588e-06,-1.0965047451786364e-05,1.0001342770052677,-0.0001012626034397,-0.0001054881578781,-9.51659077579878e-05,0.8842131743646064,0.0855419523282017,0.1687982018675017,0.245830645334949,-9.275321927738184e-05,0.999868222275214,-6.920572628819794e-05,-0.0001353349797608,3.428016949751928e-05,0.0001100484869907,0.4635318702782731,0.0240776665872333,-0.8123847053290252,-0.2500959995602579,0.0001204516686393,3.804437894928993e-07,-3.272387067818468e-05,-2.575804149034136e-05,9.107386482878752e-05,0.0001879138918796,0.0001228617942297,-3.085037972443074e-06,-6.466451326226593e-06,0.0001554714079739,0.9999583109531076,-7.93984689089472e-05,9.639489019650075e-05,2.7348338328115304e-06,0.0001932134602346,1.2659181776763682e-05,0.666645859499066,0.0,0.0,0.0,0.0,0.0,0.0,CHECK_TABLE,real_media,,,,,curated_real_balanced.csv,,
1.0,0.0,0.0,0.0,0.0,0.0,0.6919011473655701,0.03080078125,0.275,0.7583333333333333,1.0,0.0,0.0,0.0,0.0,0.0,0.6323717832565308,0.02857421875,0.6375,0.6625,1.0,0.0,0.0,0.0,0.0,0.0,0.5884286165237427,0.0186653645833333,-0.6125,-0.1333333333333333,0.0,0.0,1.0,0.0,0.0,1.0,1.0,0.0,0.0,0.0,0.0,0.0,0.0,EXPLORE,real_media,mixkit_table_07.mp4,120.0,AVOID_PERSON,1.0,media_labeled_batch_A_real_corrected.csv,batch_A_real,mixed
-9.3223824570585e-05,-0.0001520355978568,-0.0001587686891412,0.9999989836434056,8.114218320646212e-05,7.648771388901093e-06,0.2852186568891593,0.0634636063366307,-0.5593437760894749,0.4331485762704199,-6.640710577563825e-05,9.704865423890023e-05,5.9629637165792575e-06,-7.298071956688359e-07,-5.396240699237932e-05,2.6265699024770142e-05,-0.0001732341185416,7.712670345566697e-05,5.886995555359767e-05,0.0001204516138435,0.0001577153201773,0.0001060663186122,-3.3416602220868246e-05,-6.678903815909105e-05,2.294283190748598e-05,0.0001407321826466,2.718007673770441e-06,6.358081504384577e-05,1.988389723802811e-05,4.794632579137097e-05,0.9999523241303938,3.0936691851037794e-05,-6.469650352395519e-05,7.938745683848538e-05,0.0001486938318716,0.0001260882354512,0.3333790559720934,0.0,0.0,0.0,0.0,0.0,0.0,EXPLORE,real_media,,,,,curated_real_balanced.csv,,
1.0,0.0,0.0,0.0,0.0,0.0,0.871469259262085,0.0871484375,-0.359375,0.3333333333333333,1.0,0.0,0.0,0.0,0.0,0.0,0.7775147557258606,0.096484375,-0.325,-0.4625,1.0,0.0,0.0,0.0,0.0,0.0,0.7622715830802917,0.1070930989583333,0.3875,0.35,0.0,1.0,0.0,0.0,0.0,1.0,1.0,0.0,0.0,0.0,0.0,0.0,0.0,AVOID_PERSON,real_media,mixkit_table_06.mp4,250.0,AVOID_PERSON,1.0,media_labeled_stage2_curated_train_20260506.csv,batch_stage2_train_20260506,occlusion
1.0,0.0,0.0,0.0,0.0,0.0,0.8617318272590637,0.10947265625,0.371875,0.3625,1.0,0.0,0.0,0.0,0.0,0.0,0.8228625655174255,0.11498046875,-0.3375,0.2833333333333333,1.0,0.0,0.0,0.0,0.0,0.0,0.6595237851142883,0.0886100260416666,-0.321875,-0.4125,0.0,0.0,0.0,1.0,0.0,1.0,1.0,0.0,0.0,0.0,0.0,0.0,0.0,MOVE_TO_CHAIR,real_media,mixkit_table_06.mp4,520.0,AVOID_PERSON,1.0,media_labeled_batch_A_real_corrected.csv,batch_A_real,mixed
0.9999536423680628,-0.0002145222746511,-7.717732905889243e-06,4.936550284136186e-05,7.861899435733069e-05,-0.000103876211598,0.8092598760048694,0.1268252860587081,0.0436746263394671,-0.4083975187005795,7.890614302884981e-05,0.999993738512754,-4.724091523189283e-05,-5.587434528563127e-05,-2.21131756292191e-05,0.00012607178487,0.6776528206752366,0.034921787334148,-0.5248988811138741,0.2043120710873343,-2.592682211384078e-05,-5.8279964113110096e-05,1.0000332112531882,6.609878450884087e-05,-8.852454490745134e-05,0.0002549486617046,0.5203106145151012,0.0646568948950627,0.3030542266277869,0.0459262471527783,0.0002000462375171,0.9999604380884204,-0.0001703600008941,5.915346584023803e-05,8.67894712974955e-06,0.9998384343469184,1.000173619793001,0.0,0.0,0.0,0.0,0.0,0.0,AVOID_PERSON,real_media,,,,,curated_real_balanced.csv,,
1.0,0.0,0.0,0.0,0.0,0.0,0.7519494295120239,0.024609375,0.23125,0.7166666666666667,0.0,1.0,0.0,0.0,0.0,0.0,0.8092607259750366,0.0145833333333333,0.053125,0.85,1.0,0.0,0.0,0.0,0.0,0.0,0.6123114824295044,0.0198046875,0.065625,0.65,0.0,0.0,1.0,0.0,0.0,1.0,1.0,0.0,0.0,0.0,0.0,0.0,0.0,AVOID_PERSON,real_media,mixkit_table_07.mp4,185.0,AVOID_PERSON,1.0,media_labeled_stage2_curated_train_20260506.csv,batch_stage2_train_20260506,occlusion
-8.240341913270492e-05,1.0000313868799928,-6.674540485367162e-05,8.722274714346081e-05,6.049884552361403e-05,-4.37393666416394e-05,0.638969109785006,0.0123105294000959,0.4312490842227102,-0.7583636462100745,0.0002104718014449,0.000230461518773,-2.937614097796348e-05,8.911030518331747e-05,0.9999119193508612,-0.0001809947432531,0.3020046702433544,0.0245712703472096,-0.7406139167678484,0.0541689100352741,-8.08584288171781e-05,-9.391784018226534e-05,-3.165619579862676e-05,0.0001653020917171,3.78864834705388e-05,0.0003231713854662,0.0001078827674462,-0.0002993783676126,9.06202297560112e-05,0.0001263941296351,1.000014195073066,-4.592193114042978e-05,-8.506335999270856e-06,0.0001456811863353,1.9403713190232745e-05,6.650154161854681e-05,0.6665953739060485,0.0,0.0,0.0,0.0,0.0,0.0,EXPLORE,real_media,,,,,curated_real_balanced.csv,,
0.9998217195947878,-0.0001271512853018,5.972322281191414e-05,7.192047976757746e-06,-0.0001351346026031,2.371610034485701e-05,0.6927949948766732,0.1556274418563862,0.0656786723213048,0.7208948509895372,5.0546550999587735e-06,1.000104623884995,3.510227436941903e-05,7.491156347708234e-05,-1.0189801748988912e-05,-0.0001111982069369,0.8709877735570112,0.0299962846641685,0.6500041243495406,-0.1708385675822482,6.481121044490177e-05,1.0001982073786355,-8.830386376810896e-05,-2.966640311399921e-05,-6.916183271562016e-05,6.240876756843545e-05,0.3787611230581537,0.0274174340846654,-0.8937465557294114,0.0499759869156041,1.0000246736136835,0.0001003510042182,-4.818683560817178e-05,1.5982865301149442e-05,0.0002859419026328,-7.355942512838739e-05,1.0000120329630735,0.0,0.0,0.0,0.0,0.0,0.0,CHECK_TABLE,real_media,mixkit_table_03.mp4,144.0,CHECK_TABLE,1.0,curated_real_balanced.csv,,
0.999786707233744,-5.945704779336778e-05,8.300905507970923e-05,7.40333551484805e-05,-0.0001270141407097,0.0001166054212818,0.6337825025356694,0.063300762445105,0.3344047575455729,-0.4625267047274717,1.5349151620001247e-05,-5.615720315001142e-05,0.9998716381472303,0.0001054071978102,3.912741677856768e-05,0.0001493230720345,0.9481539006806632,0.0868241550556366,0.02167143360043,0.4334700357856276,5.178659174523105e-05,0.9999427748377154,-0.0001669917829672,9.899032796465608e-05,4.461857722069973e-05,2.3111346906530648e-05,0.6637338121334558,0.0557252223365233,-0.4438326237908424,-0.4375193373709949,0.9998575105194664,5.738964609907272e-05,0.0001114332629446,-7.659814419604105e-05,-8.685771882026392e-05,0.0001087011360095,0.999948016250182,0.0,0.0,0.0,0.0,0.0,0.0,CHECK_TABLE,real_media,,,,,curated_real_balanced.csv,,
-1.2747467825182392e-05,0.99987556839798,-2.63896547035638e-05,5.2261234475191e-05,-1.6279491050971716e-05,-0.0002347647381227,0.8755266548933666,0.0484209561192039,-0.2656346864171666,-0.0791908142582799,-1.5658679235014403e-05,-4.588757850212106e-05,1.0001330538111115,-7.660208176535607e-05,-4.9223056422530994e-05,-7.676236263705575e-05,0.8265169335995125,0.0808341648762647,-0.0749225101099577,0.1499785695270524,0.0001384047784798,6.329929423497602e-05,-0.0001049123554725,3.952508493902566e-05,-0.0001048929431127,-0.0001936661585862,5.541948773360464e-05,1.0796722169235146e-05,-2.2361032476035145e-06,0.0001855428669162,-8.056130509389502e-05,1.000093407670125,-3.144596023784394e-05,0.0001328523689636,-8.648481049125698e-06,0.9999896733356152,0.6667505467997034,0.0,0.0,0.0,0.0,0.0,0.0,CHECK_TABLE,real_media,,,,,curated_real_balanced.csv,,
0.9999904433533844,7.1116775626614215e-06,4.279065926220888e-05,6.504682099373236e-06,0.0001240713469534,-0.0001290503651071,0.7768060632517875,0.0563311580536465,0.1001356210962323,0.6833458249263278,3.1630377646180854e-05,1.0001761283952293,7.962909568972076e-05,6.085557305811135e-05,-3.90133105339669e-05,1.3895000337598937e-05,0.5820540144861526,0.0210647160022079,-0.7061853006656179,0.2748220831406652,9.28919758689075e-06,1.7834285880714753e-06,3.890987843396487e-05,-0.0001696297652191,-0.0002030860992712,0.000110956209219,1.1071978558241656e-05,4.101620779207335e-05,0.0001616631517264,1.7383804769089872e-05,-0.0001964148884494,-3.1208836136520295e-05,1.0000818374338698,-4.254108160606748e-05,-3.028718904886414e-05,0.9999398442535916,0.6668134542218382,0.0,0.0,0.0,0.0,0.0,0.0,AVOID_PERSON,real_media,,,,,curated_real_balanced.csv,,
1.0,0.0,0.0,0.0,0.0,0.0,0.8787612915039062,0.1088541666666666,0.371875,0.3666666666666666,1.0,0.0,0.0,0.0,0.0,0.0,0.8365224003791809,0.111796875,-0.340625,0.2875,1.0,0.0,0.0,0.0,0.0,0.0,0.4822556674480438,0.09869140625,-0.321875,-0.3666666666666666,0.0,0.0,1.0,0.0,0.0,1.0,1.0,0.0,0.0,0.0,0.0,0.0,0.0,MOVE_TO_CHAIR,real_media,mixkit_table_06.mp4,550.0,AVOID_PERSON,1.0,media_labeled_batch_A_real_corrected.csv,batch_A_real,mixed
0.999953252012233,-1.7238122683510564e-05,-7.674064708748886e-05,0.0001094932034765,0.0001452140712307,-4.9803716789857454e-05,0.4406930402234112,0.0481840758444015,0.437475224995913,0.0789338183638626,0.0002214972892241,7.367222425288018e-05,1.0000180679923676,-2.475405055999078e-05,-0.0001352711074944,0.0001084333976544,0.8216689400524997,0.1043530413841427,-0.0311380743000513,0.462589546252281,-1.1494142178470272e-06,-4.47777795185577e-05,0.0002594471804227,5.68438636726385e-05,-0.0001381386084255,-1.4720656057178654e-06,-9.070133228598104e-05,9.044601531819496e-05,-0.0002131808471271,-9.85804049996066e-05,0.99990309941081,-0.0001531000430832,0.0001848120836129,0.0002011082239263,-2.3910728648728105e-05,0.0001295606989793,0.6666602095198567,0.0,0.0,0.0,0.0,0.0,0.0,CHECK_TABLE,real_media,,,,,curated_real_balanced.csv,,
-0.0001219213109976,1.0000103660823487,-8.092481165437651e-05,-1.502272597019758e-05,-3.6697909051017472e-06,9.47283610708292e-05,0.899247512040715,0.0531381270962853,0.3156290079253612,0.045658960255288,0.0001366694959547,-6.613000714744434e-05,-8.41861438203412e-05,-4.921917557551774e-05,-8.353294444060339e-05,9.95781127234432e-06,-5.576716147739348e-05,0.0001164059051347,-0.0001402048304306,-6.458468445547314e-05,-0.0002621882681759,1.1950040569729927e-05,0.0001631709686947,-6.223831368265038e-05,-5.369667306076701e-05,-5.3964199106214006e-05,9.113075944899463e-05,9.978088011930707e-05,-0.0001692501772852,3.315247475515614e-05,0.000166362362644,-8.030524074748889e-05,-5.669224550243578e-05,-0.0001119575876586,0.9999350229149494,0.999837920105588,0.3333667452856879,0.0,0.0,0.0,0.0,0.0,0.0,MOVE_TO_CHAIR,real_media,,,,,curated_real_balanced.csv,,
1.0,0.0,0.0,0.0,0.0,0.0,0.8558109998703003,0.10390625,-0.30625,-0.4291666666666666,1.0,0.0,0.0,0.0,0.0,0.0,0.8317145705223083,0.0838541666666666,-0.390625,0.3541666666666667,1.0,0.0,0.0,0.0,0.0,0.0,0.810027003288269,0.1044075520833333,0.39375,0.35,0.0,1.0,0.0,0.0,0.0,1.0,1.0,0.0,0.0,0.0,0.0,0.0,0.0,AVOID_PERSON,real_media,mixkit_table_06.mp4,130.0,AVOID_PERSON,1.0,media_labeled_batch_A_real_corrected.csv,batch_A_real,mixed
0.99993084404703,-6.063058285129051e-05,-3.883079665357472e-06,2.727493321484953e-05,-3.514071490708674e-05,5.221282988975397e-05,0.9312189881041542,0.060498741180453,-0.1438191786993056,0.0625917119981538,-1.4132642432570428e-06,1.0000833551336112,6.309441641739494e-05,-0.0001990908656313,4.950394571778367e-05,-0.0001289687795489,0.8831288319779099,0.0393153002160527,-0.8218830644853785,-0.3290889150176362,5.8980795043574976e-05,0.0001317517889669,-0.0001190403925244,8.849980296117092e-05,-5.432445764154543e-05,1.0001992338778667e-05,-2.0282940009180392e-05,-2.141297932232229e-06,5.114152848850714e-05,-1.101965117404352e-05,0.9998714471258824,0.0002147985415578,2.132871745856392e-05,-1.4750823069847986e-05,0.0001080997357593,-2.2913614113057447e-05,0.6666196351064638,0.0,0.0,0.0,0.0,0.0,0.0,AVOID_PERSON,real_media,,,,,curated_real_balanced.csv,,
1.0,0.0,0.0,0.0,0.0,0.0,0.9171287417411804,0.1024088541666666,0.140625,-0.7041666666666667,0.0,0.0,0.0,0.0,0.0,1.0,0.6601356267929077,0.1025390625,-0.246875,-0.0208333333333333,0.0,0.0,0.0,0.0,0.0,1.0,0.6098009943962097,0.115478515625,-0.575,0.5,0.0,1.0,0.0,0.0,0.0,1.0,1.0,0.0,0.0,0.0,0.0,0.0,0.0,AVOID_PERSON,real_media,mixkit_table_05.mp4,150.0,AVOID_PERSON,1.0,media_labeled_batch_A_real_corrected.csv,batch_A_real,mixed
-9.2128904597679e-07,1.0001179254331376,8.116987607927727e-05,1.8578082687773265e-05,9.739574206392418e-05,-0.00014002097882,0.8733094297378484,0.0903012483519226,-0.2095072769750211,-0.3083193383423036,0.9998827739860336,3.941274681538307e-05,9.70414891655964e-05,3.5677947177292706e-06,2.4040032646899725e-06,-4.764697274567286e-05,0.537901159328976,0.0379681705715017,0.4436139340429501,0.0498771812395438,0.0001251065786327,-8.59031697438469e-05,1.0000060561253932,-3.2968763027327655e-05,-3.688963503627425e-05,-0.0001682162317868,0.4763777325478931,0.0480058509726063,-0.7031919154508031,0.2041147551406973,9.822473309035784e-05,-6.316433077195132e-06,9.718795907430798e-05,-9.841743460726998e-05,1.00009090489765,0.9999748224417092,1.0000088343208111,0.0,0.0,0.0,0.0,0.0,0.0,MOVE_TO_CHAIR,real_media,,,,,curated_real_balanced.csv,,
1.0000271905393272,-6.520152347989564e-05,-2.48724518728236e-05,8.705069818255763e-05,6.186179559317605e-05,-5.154147663308498e-05,0.9195997905049146,0.1027494448141819,0.2062402484196894,0.1042165796844416,-9.565807109167436e-05,1.0000456359841978,-4.544524125585635e-05,4.221962634288812e-05,-0.0001299550134975,-2.4874941689828467e-05,0.899384643901407,0.0517082646508121,-0.1813237082298046,-0.2874827123732771,-0.0001206108750117,-4.4337654659072726e-05,0.9997580814087894,-6.976680612142997e-05,-0.0001117418844488,4.50459816330909e-05,0.7609900605996274,0.0798862946307706,-0.1937219675755671,0.4791295248840335,2.0332019032370208e-05,0.0002141104454834,0.9999576011683712,-0.0001222169689548,-6.125734208572315e-05,1.0000267353782988,1.0000479935743047,0.0,0.0,0.0,0.0,0.0,0.0,AVOID_PERSON,real_media,,,,,curated_real_balanced.csv,,
1.000089399372518,0.0001124408126877,0.0001179275203163,4.774632997685567e-06,0.0001768140367362,-0.0001987285797873,0.982883393184206,0.0825686058134078,0.2904487415164064,-0.2959288012970384,2.384920302476308e-05,2.5764878731024044e-05,-3.958550649262471e-05,2.587077376113365e-05,-5.428833663405526e-05,6.839035539565387e-05,3.2098705788278295e-05,-0.0001094294022508,1.8687941375786868e-05,8.374521883478679e-05,-7.01659868355625e-05,-0.0001406589843562,-4.610996229100848e-05,6.482604652251982e-05,-4.4646063754697606e-05,6.85787338686012e-05,-0.0001566343135419,-9.574982017767828e-05,4.420997485580243e-05,2.846441783804444e-05,0.99997359214367,-6.43954350526304e-05,8.950190260169171e-05,-2.44978457982024e-05,0.0001588503923498,-1.1399436291911794e-06,0.3333356677733007,0.0,0.0,0.0,0.0,0.0,0.0,AVOID_PERSON,real_media,,,,,curated_real_balanced.csv,,
1.0000215257231648,9.36323067288237e-05,9.985471486001063e-05,-0.0001334140877404,-6.807868669913994e-05,4.48766762160589e-05,0.7976044550802677,0.098287801947136,-0.1624781890597008,-0.1333170272652916,9.238729246805964e-05,1.0000088850511428,-3.345127952424175e-05,-9.192281820211034e-05,2.91039499332624e-05,-3.027682298966428e-05,0.8747776984592145,0.0262164740340027,0.1408027815318555,0.6707608455716493,-4.189882771311695e-05,7.054180650678749e-05,1.0000635485706688,5.289044234538672e-05,-6.193320254834594e-05,-0.0002172131485352,0.5523871881760966,0.0812249848170448,0.6250426582733735,-0.05407266601169,-3.829317173547948e-05,0.999919639216721,-0.0001216216195693,5.653201871087533e-05,2.1382067336291863e-05,0.9999937694048734,0.9999915487154396,0.0,0.0,0.0,0.0,0.0,0.0,AVOID_PERSON,real_media,,,,,curated_real_balanced.csv,,
1.0,0.0,0.0,0.0,0.0,0.0,0.7695336937904358,0.0243489583333333,0.23125,0.7166666666666667,1.0,0.0,0.0,0.0,0.0,0.0,0.6968981623649597,0.0130859375,-0.434375,-0.225,1.0,0.0,0.0,0.0,0.0,0.0,0.6975765824317932,0.0043359375,0.15625,0.0416666666666666,0.0,0.0,1.0,0.0,0.0,1.0,1.0,0.0,0.0,0.0,0.0,0.0,0.0,EXPLORE,real_media,mixkit_table_07.mp4,160.0,AVOID_PERSON,1.0,media_labeled_batch_A_real_corrected.csv,batch_A_real,mixed
-1.5027419929491876e-05,-4.9537666179089225e-06,1.000179070577323,2.532973420420782e-05,-0.0002941231141754,0.0001009011897823,0.4063095079632859,0.0343375061035554,0.7219873103825271,0.112243620718559,6.002202001825688e-05,-7.037639424144563e-05,5.2980127938665776e-05,6.395327245807295e-05,-0.0002049317177198,-0.0002347235440522,0.0001348126490203,0.0001592421482047,0.0001415344455677,3.728294039034524e-05,-0.0001820751551017,4.064529808081088e-07,0.0002792982039537,0.0001314136902013,-2.5710144848515977e-05,-0.0002065378839069,0.0001198403035111,1.6404856555209062e-05,9.520510752305798e-05,-7.753430996380822e-05,0.0001137544731493,0.9999067164108724,9.584428104249288e-05,0.0001684448239352,0.0002268941695534,0.9999385941466976,0.3332177114367087,0.0,0.0,0.0,0.0,0.0,0.0,EXPLORE,real_media,,,,,curated_real_balanced.csv,,
1.0,0.0,0.0,0.0,0.0,0.0,0.8236732482910156,0.107080078125,0.40625,0.3375,1.0,0.0,0.0,0.0,0.0,0.0,0.7414733171463013,0.08681640625,-0.434375,0.4166666666666667,1.0,0.0,0.0,0.0,0.0,0.0,0.6984418034553528,0.0694986979166666,-0.390625,-0.475,0.0,1.0,0.0,0.0,0.0,1.0,1.0,0.0,0.0,0.0,0.0,0.0,0.0,EXPLORE,real_media,mixkit_table_06.mp4,1010.0,AVOID_PERSON,1.0,media_labeled_batch_A_real_corrected.csv,batch_A_real,mixed
0.0001975158669327,1.0001681037848973,-0.0001779802655641,-6.445790056311529e-05,0.000106199185399,8.552403364467101e-05,0.4323108233896435,0.0668772440868065,-0.206399711891061,-0.2872872687129889,1.4911594258402174e-05,4.214557975860531e-06,-0.0001371771431755,-9.476042989940448e-05,1.0001626350483743,0.0004097370346263,0.5748819316049313,0.0437931100663519,-0.6874562664780091,-0.2707637419020554,5.811908063903749e-05,-0.000185060107731,0.0001206275619524,-0.0002537785016747,-0.0001944913213343,-9.030545841305249e-06,3.995846605024425e-06,3.1848027541022384e-05,3.142465018492337e-05,0.0001574313662419,1.000067055857458,-1.877561000645452e-05,-2.264020284103466e-05,-0.0001138764215109,-0.0002908647117928,-0.0001104322036811,0.666713626808666,0.0,0.0,0.0,0.0,0.0,0.0,EXPLORE,real_media,,,,,curated_real_balanced.csv,,
-0.0001427869437217,4.369274265781385e-05,1.0002371276146604,-0.0001739684346628,-7.724337206397845e-05,6.11267890588588e-05,0.8129181418061356,0.0767515065605639,0.4280189855442996,-0.0624468748726471,-3.4726161204847417e-05,-5.466972122648058e-05,4.901603923138932e-05,0.0001758514178296,-7.452433035070917e-05,-1.0668784783937991e-05,1.187633389749135e-05,4.121990055861949e-05,-0.0001078991873512,0.0002798155897796,1.787180857280973e-05,-0.0001605237551586,-0.0001053228001069,-9.780440451363271e-05,-0.0001265461114493,-1.1901647777447232e-05,-0.0001228210804905,8.706929200450254e-05,0.0001184710762534,-1.374484132745602e-05,0.9999936263989876,-4.543670773809916e-07,-6.1668977622458e-05,0.0001761018344314,0.0001786428674779,7.554560957686611e-05,0.3331713772639941,0.0,0.0,0.0,0.0,0.0,0.0,CHECK_TABLE,real_media,,,,,curated_real_balanced.csv,,
1.0,0.0,0.0,0.0,0.0,0.0,0.8082098960876465,0.11384765625,0.371875,0.35,1.0,0.0,0.0,0.0,0.0,0.0,0.6793839931488037,0.1055078125,-0.353125,0.275,1.0,0.0,0.0,0.0,0.0,0.0,0.6584263443946838,0.095625,-0.33125,-0.4375,1.0,0.0,0.0,0.0,0.0,0.0,1.0,0.0,0.0,0.0,0.0,0.0,0.0,AVOID_PERSON,real_media,mixkit_table_06.mp4,100.0,AVOID_PERSON,1.0,media_labeled_batch_A_real_corrected.csv,batch_A_real,mixed
1.0,0.0,0.0,0.0,0.0,0.0,0.8404419422149658,0.1062369791666666,0.390625,0.3458333333333333,1.0,0.0,0.0,0.0,0.0,0.0,0.8252688050270081,0.1020833333333333,-0.36875,0.2791666666666667,1.0,0.0,0.0,0.0,0.0,0.0,0.5105676054954529,0.07541015625,-0.321875,-0.4,0.0,0.0,0.0,1.0,0.0,1.0,1.0,0.0,0.0,0.0,0.0,0.0,0.0,MOVE_TO_CHAIR,real_media,mixkit_table_06.mp4,430.0,AVOID_PERSON,1.0,media_labeled_batch_A_real_corrected.csv,batch_A_real,mixed
-7.899141424168779e-05,8.709780966430257e-05,-0.0002193430900683,4.763117545684857e-05,-0.0001097148913375,0.9998383007363126,0.4489658067273269,0.0338324315910421,0.8407424906801073,0.0960832973001612,-0.0002727904871625,-8.87108317543321e-05,0.0001031182159064,0.0002511971545095,0.0002246801480233,-0.000251946616656,0.0001311321045712,-0.0001479575413387,0.0001660211141056,-0.0001660718731671,0.0001007684855176,-6.614928153939693e-05,0.0001063514224938,0.0004249274906588,6.630583098490308e-05,6.509976078168318e-05,-0.0001974199749464,-1.925286591597117e-05,-9.91256203281899e-05,-8.524108297710786e-05,0.9999188967278876,-0.0003186633276172,-0.0001330886075304,-0.0002673451778705,-5.971068305611687e-05,0.0002104286431061,0.3333175648190773,0.0,0.0,0.0,0.0,0.0,0.0,EXPLORE,real_media,,,,,curated_real_balanced.csv,,
1.0,0.0,0.0,0.0,0.0,0.0,0.6559280157089233,0.0290592447916666,0.625,0.6666666666666666,1.0,0.0,0.0,0.0,0.0,0.0,0.6637485027313232,0.0203125,-0.2125,0.5916666666666667,1.0,0.0,0.0,0.0,0.0,0.0,0.6270039677619934,0.0088802083333333,-0.25,-0.575,0.0,0.0,1.0,0.0,0.0,1.0,1.0,0.0,0.0,0.0,0.0,0.0,0.0,MOVE_TO_CHAIR,real_media,mixkit_table_07.mp4,80.0,MOVE_TO_CHAIR,1.0,media_labeled_stage2_curated_train_20260506.csv,batch_stage2_train_20260506,occlusion
-5.619833921213809e-05,0.9999781889954672,-0.0001237758788812,-2.734232368468009e-06,6.503337118906887e-05,-0.0001772998671387,0.8124063459163334,0.040431481291706,-0.6844175260880132,-0.0833521780160712,-3.404067761462097e-05,-0.0001902848905399,1.0000180945396706,1.15898954072316e-05,2.6429232658265524e-05,-0.00012706073879,0.8403428310597058,0.0759778343239474,-0.3031398939173193,0.5958593178204847,-0.0001771204976726,-0.0001886080833169,-5.218265179901537e-05,-6.0499359093617625e-05,-2.87507744536749e-05,-1.4491867249049964e-05,1.1603690061223504e-05,-0.0004417613432612,0.0001604427919867,-7.521132292227363e-05,6.150319917444102e-05,2.0358372766098287e-05,1.0001519606701543,-0.0001193632362294,-0.0001506087878416,0.9999833512945788,0.6666969681161342,0.0,0.0,0.0,0.0,0.0,0.0,CHECK_TABLE,real_media,,,,,curated_real_balanced.csv,,
-0.0001203411181858,1.0000118244129996,-0.0001125349581813,0.0001175252600254,-0.000134865692138,3.1243716634559026e-05,0.9061303897127896,0.0635641069728956,0.1122677552382122,0.1960235106073087,3.684039773583633e-05,1.81722920778466e-05,1.000169380301765,-0.0001281850045458,-0.0001162016538983,0.0001562077181864,0.4987441970867258,0.071627057501404,-0.01576719191851,0.6459301136362625,8.071294295354472e-05,-0.0001723559440227,7.062352414395897e-05,-3.510379156692645e-05,-0.0001001986133851,9.230702912954236e-05,2.256362361133384e-05,2.0857182297573155e-05,-3.1319440665821856e-05,-3.799081773546441e-05,-5.766675413215434e-05,0.0001801848768926,3.056963982520365e-05,8.681970996770992e-05,1.0000720171030013,1.00004458922787,0.6666537108510628,0.0,0.0,0.0,0.0,0.0,0.0,MOVE_TO_CHAIR,real_media,,,,,curated_real_balanced.csv,,
1.0,0.0,0.0,0.0,0.0,0.0,0.8530370593070984,0.09755859375,0.4,0.375,1.0,0.0,0.0,0.0,0.0,0.0,0.739347517490387,0.072998046875,-0.409375,0.3291666666666666,1.0,0.0,0.0,0.0,0.0,0.0,0.557023286819458,0.0760188802083333,-0.3875,-0.4208333333333333,1.0,0.0,0.0,0.0,0.0,0.0,1.0,0.0,0.0,0.0,0.0,0.0,0.0,CHECK_TABLE,real_media,mixkit_table_06.mp4,720.0,AVOID_PERSON,1.0,media_labeled_batch_A_real_corrected.csv,batch_A_real,mixed
1.0000361382310627,5.737620931565914e-06,9.552814338431278e-05,4.841875637098068e-06,-5.1030946994411935e-05,-7.20626573237211e-06,0.7321631714262135,0.0197217989717685,-0.581393653991183,-0.066646473140575,0.99993464743561,3.393876694816107e-05,2.0852097471759504e-05,7.519790880100824e-05,-5.633987268063949e-05,2.608860700550724e-06,0.6150898502196672,0.0147233775799979,-0.856313518752462,-0.1541180288919811,-1.580208245193888e-05,0.9999177938167272,-0.0001956063597058,6.939046812125652e-05,0.0001491212369052,-9.030767243395405e-05,0.7501057693141812,0.0180300757829516,0.1344635245727786,0.8167575466219082,2.930798675707577e-05,3.133615117498645e-05,0.9999361905979652,0.0002216816078664,-4.5969900255521056e-05,0.9999093181543388,1.0000807965375602,0.0,0.0,0.0,0.0,0.0,0.0,MOVE_TO_CHAIR,real_media,,,,,curated_real_balanced.csv,,
0.0001828730978801,0.999961417500682,-7.836752833419625e-05,7.662842858443269e-05,0.0001531996029627,-7.652906931570003e-05,0.7891993770427055,0.0845009978753238,-0.315866788507343,0.2876035522586382,4.822393690472676e-05,6.550473493712555e-05,0.9999581303017164,-2.1080507090158392e-05,-0.0001679205682885,9.739516688655824e-05,0.4757457385994112,0.0358414245985326,-0.6499741904222986,0.2459037169890224,1.0433881434708586e-05,3.282168485981624e-05,-3.4819017010602264e-05,3.473865247197671e-05,0.0002961694201386,-5.231341704476086e-05,0.0001108756664738,0.0001551064146183,-0.0001302498162578,3.885671616777516e-05,-4.688279158435744e-05,-3.071871988739555e-05,7.818729988728771e-05,8.078013766371542e-05,1.0001632916552945,1.0000617249994324,0.6667225616841925,0.0,0.0,0.0,0.0,0.0,0.0,MOVE_TO_CHAIR,real_media,,,,,curated_real_balanced.csv,,
0.9999325095601644,0.0001409455373536,-3.64995839596372e-05,-3.0399274699837128e-05,-8.946254033158184e-05,0.0001614570655453,0.92732278444782,0.0922678124540814,-0.0501454409973023,0.0581367239379485,1.3382653422159074e-05,0.9999525093440808,0.0001081763234155,6.410914339516742e-05,0.0001211619940792,-8.889720895821102e-06,0.5321704952850143,0.0229005303915441,0.400224532364285,0.8332864876497703,0.0001238667102883,-0.0001780334494225,0.9997873845359536,-5.572616832106281e-06,-8.998526299314054e-05,-0.000221136670397,0.8007768609366879,0.0502184788112585,-0.1905149610955839,0.6666862855003494,8.430645880123708e-05,-7.830346508914734e-05,1.00003054434756,3.434775800350391e-05,0.0001415136076631,1.0000700405100305,0.999925484673208,0.0,0.0,0.0,0.0,0.0,0.0,AVOID_PERSON,real_media,,,,,curated_real_balanced.csv,,
1.000103198143958,-0.0001111027054728,-3.863942093734174e-05,4.081453171251577e-06,0.0001061269094317,0.0001969799790824,0.8177971444460908,0.1085466757042806,0.1781076757146925,0.0457983550610458,0.0001086712752182,0.0001639953434738,1.0001885516889593,-7.149609874130475e-05,-0.0001001088831635,0.0001675991994169,0.8954973655173684,0.0691197025403369,0.1593131720375316,0.1876410477474095,1.403589931752177e-05,1.000053988586962,1.81639112380262e-05,-2.5449191120323367e-05,5.871118531598549e-05,-9.369841189429325e-05,0.5790817347836215,0.036971912488358,-0.8656443996315251,0.3124271095952878,1.117876978023931e-05,1.0002213460973146,-2.699293287329665e-05,9.044900510827136e-05,-3.020927114643076e-05,1.0001170744806185,0.999884983752473,0.0,0.0,0.0,0.0,0.0,0.0,AVOID_PERSON,real_media,,,,,curated_real_balanced.csv,,
1.0,0.0,0.0,0.0,0.0,0.0,0.918334662914276,0.0920833333333333,0.159375,-0.7166666666666667,0.0,0.0,0.0,0.0,0.0,1.0,0.5997452735900879,0.1188802083333333,-0.553125,0.5041666666666667,0.0,0.0,0.0,0.0,0.0,1.0,0.5053883790969849,0.103134765625,-0.228125,-0.025,0.0,1.0,0.0,0.0,0.0,1.0,1.0,0.0,0.0,0.0,0.0,0.0,0.0,AVOID_PERSON,real_media,mixkit_table_05.mp4,140.0,AVOID_PERSON,1.0,media_labeled_batch_A_real_corrected.csv,batch_A_real,mixed
1.000044364210941,7.25136284686337e-05,-0.0001696737671365,2.445692204264132e-06,-3.0074795633830284e-05,2.844108964680936e-05,0.7866051692667341,0.1221173521325807,0.1782041759151029,0.2626009708477533,5.801290273942909e-05,1.0000589958012192,-0.0001111895782691,-1.0194158758769426e-05,5.507749483823239e-06,-1.4046698123530538e-05,0.752196476856876,0.0467860893190494,-0.6156262375669365,0.2331998299465874,-5.926543588761059e-05,-0.0001426698502999,0.9998551306816046,7.061408237124685e-05,4.742989923493352e-05,0.0001638554247866,0.5655207920531737,0.0653793054302891,0.7375515127332695,0.383391148136108,1.000070219980474,5.739016763277034e-05,6.628938066782463e-06,-7.434381688839394e-05,0.0001023272997694,-0.0002493167127871,0.9999013267118364,0.0,0.0,0.0,0.0,0.0,0.0,AVOID_PERSON,real_media,,,,,curated_real_balanced.csv,,
1.0,0.0,0.0,0.0,0.0,0.0,0.8698189854621887,0.0893229166666666,-0.35625,0.3291666666666666,1.0,0.0,0.0,0.0,0.0,0.0,0.803182065486908,0.1193684895833333,-0.271875,-0.4333333333333333,1.0,0.0,0.0,0.0,0.0,0.0,0.8123059272766113,0.09232421875,0.371875,0.3916666666666666,0.0,0.0,0.0,0.0,1.0,1.0,1.0,0.0,0.0,0.0,0.0,0.0,0.0,MOVE_TO_CHAIR,real_media,mixkit_table_06.mp4,230.0,AVOID_PERSON,1.0,media_labeled_batch_A_real_corrected.csv,batch_A_real,mixed
0.0001426416172209,-6.489874148922774e-05,-0.0002863819792414,2.797551369534266e-05,1.000135278202253,-0.00012525155527,0.6368420865762094,0.012272084697591,0.1466824043179165,-0.6457642516025628,-4.7125131734654686e-05,-6.0572881195130565e-05,-0.0001343865495166,0.0001703397821648,-0.0001017440166517,-5.559599199909498e-05,9.552896635830015e-05,0.0001642300370653,-7.321187956065986e-05,5.650576740501576e-05,4.363415452214712e-05,0.0003080531497736,0.0001854012947895,-7.361413592601108e-05,0.0002068427777337,-1.621541381817052e-06,-4.246978936067546e-05,-0.00022468475998,8.429737884307534e-05,-6.916904590266763e-05,-0.0001009794818582,-7.802961985659773e-05,0.0001912415865111,0.0001426469107268,1.000077218215763,0.9999158035906844,0.333149770508623,0.0,0.0,0.0,0.0,0.0,0.0,EXPLORE,real_media,,,,,curated_real_balanced.csv,,
1.0001196953044904,0.0001440918992385,5.144437192625654e-05,9.12109114774202e-05,-5.534517151392018e-06,-0.0001101029870173,0.9673270034450904,0.0573190935390529,-0.0406435283845674,0.2541167820634892,-3.3464440990243376e-05,0.9999005687273674,8.191272866931587e-05,0.0001518462268554,-8.189970268839275e-05,5.420811037091885e-05,0.7365527986605384,0.0282787054957598,0.0093589798006816,0.1415817298468834,-5.890225638035768e-05,-3.3251727753429626e-05,1.0000301189937058,-0.0001041877190601,-5.063035960586433e-05,-0.00011732749343,0.4568818237177795,0.0508653539106366,0.7563045885738747,0.1916205414431745,0.0001763053658542,0.9999286673183224,-9.267891860434812e-05,6.817422370412403e-05,-0.0001231419936275,1.0001064531615502,1.0000346213128404,0.0,0.0,0.0,0.0,0.0,0.0,AVOID_PERSON,real_media,,,,,curated_real_balanced.csv,,
-0.000158302807262,0.999998236635702,8.38168981854716e-05,1.925606303602751e-06,-0.0001189066281036,0.0001222003136112,0.9289452785128952,0.0451919157288581,-0.0907987397076648,0.0165517759921611,0.9998924904882264,-9.8884359763883e-05,4.080615072317297e-06,3.3359407412786315e-06,-0.0002102253479338,-0.0002625658222012,0.5986240158983135,0.0378781001680507,0.5654340627665305,0.1833586774108571,1.3492506675624922e-05,-0.000135528886381,9.674613976388638e-05,0.0001633243996227,0.0001065797359835,-0.0002039892609708,-4.341084674832251e-05,1.966342333185905e-05,-0.0001031280994473,-0.0001035110413348,0.9999173572026836,5.717768181238535e-05,-4.589778775820813e-05,-9.399760848429716e-05,5.89119302556144e-05,-3.119729670700864e-05,0.6667349116244362,0.0,0.0,0.0,0.0,0.0,0.0,MOVE_TO_CHAIR,real_media,,,,,curated_real_balanced.csv,,
1.0000749359190273,-0.000106698680452,-7.172351493231805e-05,2.822618595941804e-05,-3.526173322943589e-05,-6.211326549105126e-05,0.9879644928733876,0.0867799654912288,0.0282662427400759,-0.1709369197364098,-0.0002891467446895,6.003277436342305e-06,1.0000118300875704,0.0001512181174357,-9.877532358660084e-05,1.729436172171079e-05,0.6026680367966385,0.0645694788214134,0.7813475582508219,0.1500233501804418,-7.767824682211552e-05,3.01201368720644e-05,0.0001454302417777,8.814411764195805e-05,-5.826005341955032e-05,-0.0001292857078328,3.2258545970843656e-06,8.355993283647188e-05,2.5608512729202848e-05,-7.854883693118356e-05,-8.597254378860529e-05,6.868578290186721e-05,0.9999899023879516,-0.0001220787069822,-7.83597522776706e-05,1.000052129319556,0.6667072096848967,0.0,0.0,0.0,0.0,0.0,0.0,AVOID_PERSON,real_media,,,,,curated_real_balanced.csv,,
1.0,0.0,0.0,0.0,0.0,0.0,0.8851538300514221,0.1128515625,0.165625,-0.6625,0.0,0.0,0.0,0.0,0.0,1.0,0.3878329992294311,0.72021484375,-0.025,0.25,0.0,0.0,0.0,0.0,0.0,1.0,0.6430467367172241,0.0996614583333333,-0.271875,-0.0208333333333333,0.0,1.0,0.0,0.0,0.0,1.0,1.0,0.0,0.0,0.0,0.0,0.0,0.0,AVOID_PERSON,real_media,mixkit_table_05.mp4,180.0,AVOID_PERSON,1.0,media_labeled_batch_A_real_corrected.csv,batch_A_real,mixed
-6.429617365579631e-05,1.089270463918317e-05,1.000271961481958,7.580309962384373e-05,-3.373529606705533e-07,1.0426108340147635e-05,0.3480530347241685,0.016519125042051,-0.0437485586190754,-0.445804258064334,0.0001656484144398,-2.4435693547982342e-05,6.740611972485922e-05,-0.0001232316174119,-4.304156039476633e-05,-9.206786627724682e-05,-4.283704389583696e-05,7.833927945664224e-05,0.0001480992933569,-6.299151838245925e-05,3.971502229170208e-05,-0.0001256028210792,-5.12347187029271e-05,-3.768377466845847e-05,-0.0001336064158663,-3.161680420308077e-05,2.770609045343051e-05,7.086454589255255e-05,3.267851107252175e-05,6.884648522494226e-05,0.0002788709147749,6.808707785873014e-05,5.687283611785808e-05,0.0001599384333022,0.9999419168834628,0.999936384070946,0.3332779208889843,0.0,0.0,0.0,0.0,0.0,0.0,EXPLORE,real_media,,,,,curated_real_balanced.csv,,
-1.3861190655696098e-05,1.0000525189379637,-0.0001465909382748,-0.0001538670098361,-1.9554711403814624e-05,6.342268165131477e-05,0.8573397178991161,0.0416702577453657,-0.0717850586635502,0.1540783503574692,0.00014464023007,0.0001201016246472,0.999907646593886,6.483150850116488e-05,3.666226151903776e-05,-0.000188109967469,0.7830474377440386,0.0320028055407073,-0.843756811593495,0.4708796914365538,-6.651008520451121e-06,0.0001079075942484,7.761363800083764e-05,5.843933290064897e-05,-6.652366069127171e-05,-5.702171109378023e-05,-9.76821031947824e-06,-0.0002152771740379,0.0001382005896798,-0.0001891592244179,0.0001148786772401,-0.000108247107306,-0.0001473576651821,1.000044733268976,8.800619566884461e-05,0.9999934212273608,0.6666629921499302,0.0,0.0,0.0,0.0,0.0,0.0,MOVE_TO_CHAIR,real_media,,,,,curated_real_balanced.csv,,
1.0,0.0,0.0,0.0,0.0,0.0,0.9174982905387878,0.1457421875,0.175,-0.6208333333333333,0.0,0.0,0.0,0.0,0.0,1.0,0.5696298480033875,0.1008203125,-0.146875,-0.0166666666666666,0.0,0.0,0.0,0.0,0.0,1.0,0.5221919417381287,0.1152473958333333,-0.475,0.5041666666666667,0.0,1.0,0.0,0.0,0.0,1.0,1.0,0.0,0.0,0.0,0.0,0.0,0.0,AVOID_PERSON,real_media,mixkit_table_05.mp4,100.0,AVOID_PERSON,1.0,media_labeled_batch_A_real_corrected.csv,batch_A_real,mixed
1.0,0.0,0.0,0.0,0.0,0.0,0.657898485660553,0.0172526041666666,-0.553125,-0.1083333333333333,1.0,0.0,0.0,0.0,0.0,0.0,0.6622656583786011,0.008984375,0.934375,0.525,0.0,1.0,0.0,0.0,0.0,0.0,0.7882318496704102,0.01681640625,0.09375,0.825,0.0,0.0,1.0,0.0,0.0,1.0,1.0,0.0,0.0,0.0,0.0,0.0,0.0,EXPLORE,real_media,mixkit_table_07.mp4,230.0,MOVE_TO_CHAIR,1.0,media_labeled_batch_A_real_corrected.csv,batch_A_real,mixed
1.0001091598772285,-7.208327763933032e-05,3.565331305701789e-05,-1.0232665524813015e-06,8.868095737554886e-05,0.0001861345114542,0.4783656906555488,0.0316683523645611,0.287536309666929,0.4165779939793207,-4.620701282591568e-05,1.5125271582447634e-05,0.9998082919980144,-6.099470446962171e-05,5.008073380836102e-05,-3.1851904038466785e-05,0.764598038412537,0.1096174362271594,0.0968917857138822,-0.025117078294216,3.425356883819346e-05,0.9999757172328392,6.460990662151327e-05,-0.0001199297212204,-0.0001083649076994,8.007010808897028e-05,0.4852874779152044,0.0479268345032804,0.1719199188288921,-0.3541922388120921,-1.1483388494426716e-05,1.0000875158848754,-1.1740631111520407e-05,4.959737060733281e-05,9.552137623711636e-06,0.999914230802765,1.0000857641996077,0.0,0.0,0.0,0.0,0.0,0.0,CHECK_TABLE,real_media,,,,,curated_real_balanced.csv,,
0.9999804678316672,-0.0002521530677422,9.082807439786576e-05,1.3750849587082828e-05,-7.344913964356922e-05,-1.050633208576101e-05,0.8267734180742357,0.095528812192518,0.1530407090519268,-0.1293299691843069,-4.877522532641745e-06,0.999929808756614,0.0001762237143915,-2.0228845355134e-05,0.0001329872664288,-1.2268565594235094e-05,0.6690122684113546,0.0260202808149282,-0.8438146963050157,0.2041191154030738,0.0001308447984155,0.0001270207821773,1.000060390988962,5.269608849795499e-05,0.0001994829172187,0.0001710670562554,0.7921891241177859,0.088252449966918,0.1685328574358268,-0.2332914691297508,-4.232666499862806e-05,1.000187262488149,-8.145297957109771e-06,-1.7688082723593902e-05,-2.533618416253164e-05,1.000065491057817,0.9999728367365855,0.0,0.0,0.0,0.0,0.0,0.0,AVOID_PERSON,real_media,,,,,curated_real_balanced.csv,,
1.0001847531744232,-2.092198481934928e-05,0.0001766848517705,0.0002324627323813,-0.0001184835126765,-0.0001459672178959,0.8005006130185237,0.0555127866707728,-0.1313135628893948,-0.1667141316398324,-0.0001347912911298,0.0001351357398568,0.9999247051696556,-8.909172422205161e-05,9.83950422804146e-05,7.766003609880466e-05,0.829087215955736,0.0464118622922786,0.3405975352250435,0.0624411602294914,-2.160514967927763e-05,0.0001190609398661,5.2336969845328885e-05,-0.0001210139560232,-0.0001414804539403,3.766385241693453e-05,5.9086174808318696e-05,-6.477094817636024e-05,-9.632252380975277e-05,-0.0001629818735674,7.999843788335962e-05,5.63448762583765e-05,1.000050159645241,6.097975373197951e-05,-4.549033920477835e-05,1.0000131463116038,0.6666156216079294,0.0,0.0,0.0,0.0,0.0,0.0,AVOID_PERSON,real_media,,,,,curated_real_balanced.csv,,
-0.0001601527202127,1.0002430936522344,9.796381042434334e-05,4.961641820617612e-05,-7.227923987805308e-05,6.323688262115531e-05,0.904235892714244,0.0736068102676574,-0.3657677909001519,0.3833740575216899,4.168218709378732e-05,2.530191068571312e-05,0.000104360033063,0.0001943145769318,0.000144730751809,-6.93860788906255e-06,-2.5741710802593488e-05,4.943533895140488e-05,-0.0003552751416282,0.0001011771763614,-0.0001184245588328,5.253980398479493e-05,-2.873973241157932e-07,-1.9401972863861545e-05,-5.21645120594775e-05,3.338284233402081e-05,-0.0002029683368885,-0.000100756427325,2.1435671508379952e-05,-3.211343217846907e-05,-5.8767894911907154e-05,-6.613124405313719e-05,4.110694253231095e-06,1.000057372655582,-0.0001379314259564,0.9999714374599976,0.3333604615363068,0.0,0.0,0.0,0.0,0.0,0.0,MOVE_TO_CHAIR,real_media,,,,,curated_real_balanced.csv,,
1.0000815821210876,0.0001384411899366,0.000127348031734,-9.131233290810868e-05,-6.937015850707444e-05,-0.0001277215828915,0.9736492867938904,0.0835160303895719,-0.1531287547531999,0.1582857400634229,1.67486311430768e-05,0.99989513811526,-6.203748190111922e-05,-9.12111591707082e-05,-0.0002365151852847,2.544660621797446e-05,0.465806371633407,0.0369980393193747,-0.5060940938380537,0.5000949735080106,-7.22585229843921e-06,5.429736665115819e-05,0.9999468872996248,7.926580802049668e-05,-2.873019382325629e-05,-0.0002325063804907,0.7394902630989831,0.0529325532118046,0.2373824899479388,-0.1791192494724772,0.0001186993182905,-0.000115610017458,1.0000755960009498,8.673847999594458e-05,-9.503845564775296e-05,0.9999556906323612,0.9998906799774864,0.0,0.0,0.0,0.0,0.0,0.0,AVOID_PERSON,real_media,,,,,curated_real_balanced.csv,,
-0.0002428134045685,5.857233230475041e-05,0.0002188485688466,0.0001159479754331,3.5051547525133346e-05,1.0000337916839992,0.4508753909954002,0.0443993752009442,0.8186792566672314,-0.7208048975552023,0.0001925813424562,0.0001604097874577,5.369561264396542e-05,-8.445917674557537e-05,-0.0001667374846091,-0.0001541383632645,7.98664212137754e-05,-3.6596539797617785e-05,-0.0001589067927937,-3.213993837047242e-05,-0.0002264286296461,-0.0001172270802413,7.627645766982478e-05,0.0001412058743012,-3.14916562375376e-05,8.011689033967338e-05,-0.0001088315464344,-3.260025000426349e-05,-3.765886377193105e-05,-7.89665221165939e-05,0.0001202974226754,-6.711366413119968e-05,-6.109243620940256e-05,9.958661489261604e-05,1.0001278499361796,0.9999353719763916,0.3334955513955642,0.0,0.0,0.0,0.0,0.0,0.0,EXPLORE,real_media,,,,,curated_real_balanced.csv,,
1.0,0.0,0.0,0.0,0.0,0.0,0.8682215213775635,0.1094270833333333,0.375,0.3583333333333333,1.0,0.0,0.0,0.0,0.0,0.0,0.8700001835823059,0.098515625,-0.340625,0.3166666666666666,1.0,0.0,0.0,0.0,0.0,0.0,0.8225640654563904,0.0870182291666666,-0.321875,-0.425,1.0,0.0,0.0,0.0,0.0,0.0,1.0,0.0,0.0,0.0,0.0,0.0,0.0,MOVE_TO_CHAIR,real_media,mixkit_table_06.mp4,500.0,AVOID_PERSON,1.0,media_labeled_batch_A_real_corrected.csv,batch_A_real,mixed
1.0,0.0,0.0,0.0,0.0,0.0,0.916588306427002,0.1124348958333333,0.146875,-0.675,0.0,0.0,0.0,0.0,0.0,1.0,0.3468906879425049,0.741171875,0.00625,0.2416666666666666,0.0,0.0,0.0,0.0,0.0,1.0,0.6826186776161194,0.101953125,-0.253125,-0.0208333333333333,0.0,1.0,0.0,0.0,0.0,1.0,1.0,0.0,0.0,0.0,0.0,0.0,0.0,AVOID_PERSON,real_media,mixkit_table_05.mp4,155.0,AVOID_PERSON,1.0,media_labeled_stage2_curated_train_20260506.csv,batch_stage2_train_20260506,mixed
1.0000909422684794,8.979129006590983e-05,2.3203476506055e-05,-1.1959607333638086e-05,-8.429490929663802e-06,-0.0001058289923158,0.8638346394736588,0.0895613774990968,-0.3499589181440417,0.3416962248245695,0.9999287455335676,-0.0001178927336084,7.338975930720324e-05,2.287590279930729e-05,-2.947320086419732e-05,0.0001157215032401,0.8271642243020378,0.1192975431665218,0.3624482428732632,0.3542173680213968,1.0000872871410018,-0.0001456904046338,0.0002535525923864,-6.120601844168473e-05,8.23271609288548e-05,6.69808041637343e-05,0.8507073534111063,0.0838493670955397,-0.5782200475785845,-0.4833326273305052,1.0000179280397534,-0.0001136683182885,0.0001270379064915,-0.0002119803566709,5.743449288724014e-05,0.0001111601926409,0.9999446842079938,0.0,0.0,0.0,0.0,0.0,0.0,AVOID_PERSON,real_media,,,,,curated_real_balanced.csv,,
4.476556380484796e-05,1.000155337759052,-6.681802382935872e-05,-3.881357004422326e-05,-8.681937497990937e-05,-0.0001650512782234,0.7439992674822649,0.0503011697350301,0.3749595970487089,0.0624589031268687,-5.443998452776453e-07,0.0001395832253651,-6.230237980465663e-05,0.000164203272601,-8.84015997623846e-05,6.981481791481063e-05,-0.0001524617646516,-0.0002311002398842,5.5760935321769256e-05,-6.162606936511422e-05,-0.000148526410016,-3.263230239564446e-05,-9.69005275860978e-05,6.376582217502874e-05,1.803677071194836e-05,-8.833881699841797e-05,-3.501312913142068e-06,2.7959411654320784e-05,8.339893552058373e-05,-8.429904889270194e-05,-4.740995659904825e-05,-2.43262457447018e-05,-4.465694064713527e-05,4.316561934316219e-05,1.000020205659616,1.0001667634444027,0.3332018677162122,0.0,0.0,0.0,0.0,0.0,0.0,MOVE_TO_CHAIR,real_media,,,,,curated_real_balanced.csv,,
4.6071299300412565e-05,0.9999854051807958,-4.7032260462352186e-05,0.0001755010166196,-0.0001091700127068,2.096458057121344e-05,0.8018854311773272,0.0635385820459957,-0.2593269632009212,0.241584406375049,6.150426040583427e-05,0.0001510056547133,1.000269537920497,0.0001414524964576,4.8168796552747824e-05,-1.2060239970201055e-05,0.4330683450033132,0.0452245629936152,0.0470070631115134,0.3914711088574143,9.26762662548266e-05,3.425605452903973e-05,0.0001906223767339,-9.708547218149196e-06,0.000102384327887,0.0001230426957641,7.565093560125993e-05,-6.271472379871497e-06,1.7291757981170005e-05,-0.0001562028479846,6.983879373299127e-05,6.067509595390676e-05,-7.893849477505613e-05,1.000042314956448,9.269157273883368e-05,1.000025014694231,0.6665006630688461,0.0,0.0,0.0,0.0,0.0,0.0,MOVE_TO_CHAIR,real_media,,,,,curated_real_balanced.csv,,
2.48849505926612e-05,-3.695848754565134e-05,2.67645101560476e-07,6.514685155864367e-05,-8.025727898940626e-05,1.905856870282477e-05,-1.49234961855328e-05,0.0001252571784845,-7.768096933343934e-05,-0.0002721983032094,0.0002403219880553,-4.393655915494129e-05,3.493063334935287e-05,-6.545680937529582e-05,-0.0001929841014797,2.653374180694405e-05,-4.509284665486828e-05,4.85797858090456e-05,-0.0001595400017798,5.401177141601782e-05,3.4633660246979924e-05,-7.640868703027888e-05,1.263722956518037e-05,-0.0001339573365525,8.245318519076854e-05,0.0001011296863159,-3.4676408451807565e-05,-5.264996244848655e-05,-5.329870477369891e-06,-2.338307414422331e-05,-0.0001071160345051,1.0001142376021943,-1.0128122275923216e-05,-5.448742397965223e-05,-9.33705480958888e-05,1.0000815428780814,8.138515756278618e-05,0.0,0.0,0.0,0.0,0.0,0.0,EXPLORE,real_media,,,,,curated_real_balanced.csv,,
0.0001244485934134,5.742862090273695e-05,1.666958762755401e-06,6.365864960559973e-05,7.237117166450748e-05,-5.135219097704824e-05,-0.0001071530936807,8.77314283061583e-05,1.08757509789533e-05,-2.587122635598535e-05,-2.4517832121780155e-05,-0.0001185116197451,-8.058811122522418e-05,6.274474031877234e-05,-4.879023496669802e-05,-9.151857983055808e-05,-2.91421743167342e-05,1.3873919032070954e-05,-2.2294817196189275e-05,-0.0001716151961398,-6.563914486645818e-05,0.0001359464862349,-2.061028957545392e-05,-4.34726663391764e-05,0.0001380760316727,0.0001074019915289,-6.975936945598792e-05,6.292693719512641e-05,-5.2151164089390224e-05,0.0001017652046885,1.0000699407248648,3.161108500353207e-05,-5.270874535953091e-05,8.287984735200446e-05,-5.3446839108553145e-05,8.817398602169246e-05,0.0001435756859143,0.0,0.0,0.0,0.0,0.0,0.0,EXPLORE,real_media,,,,,curated_real_balanced.csv,,
1.4003077809554437e-05,1.0000573062588272,-7.725450234306873e-05,1.3012935283025454e-05,2.6172072720011165e-05,9.49472718033478e-05,0.9078758565532762,0.085693292731565,0.1688862954902713,-0.3667203139929445,-4.808958260319079e-05,-6.696963456170102e-06,0.9998970589245284,-2.01015469855482e-05,2.365663318908404e-05,0.000110627998478,0.6807198659964165,0.0269241691146973,-0.021810043064107,0.7040179044192593,-8.896685086785086e-06,9.145082523108238e-05,7.420430631737886e-05,8.555421693315747e-05,1.330302860960324e-05,5.832384121227554e-05,-2.5654733233632755e-05,-0.0002351343586572,9.684928095960985e-05,8.87422660108082e-05,-9.710910144613618e-05,-2.905932904009552e-05,-8.833608726140099e-05,0.000127804215473,0.999899507547924,1.0000767667151698,0.6665877078665358,0.0,0.0,0.0,0.0,0.0,0.0,MOVE_TO_CHAIR,real_media,,,,,curated_real_balanced.csv,,
1.6682745199646852e-06,0.99992385296593,0.0001172155393069,0.0001309086216818,9.176163361199098e-05,-8.434237187665573e-05,0.7272636129597722,0.0968487894058946,0.068789568727676,-0.0542856889316848,1.0001003309030914,0.000123283517987,-1.9884370861330786e-05,4.791173667600333e-05,-1.467634315821574e-05,7.248138853189332e-05,0.6280148805266246,0.0347890644215731,0.2814007222281183,0.4874759297257843,5.253199879117743e-05,-2.501838243686056e-05,-1.1534749552942709e-05,-4.302672614327128e-05,-0.0001150584972414,-0.0002140391486991,0.0001217485247273,0.0001007801704386,2.4441157730469296e-05,5.614182020016331e-05,1.000021691556028,-8.168320215425534e-07,-1.5661941859117728e-05,9.649496342247758e-05,-4.002238185685125e-05,-0.0001332568386115,0.6666622542726387,0.0,0.0,0.0,0.0,0.0,0.0,MOVE_TO_CHAIR,real_media,,,,,curated_real_balanced.csv,,
-0.0001035912379646,-7.225772700880774e-05,1.000020885158844,-6.674484561234257e-05,0.0001069003339506,-1.5861382201501438e-05,0.9016922752872752,0.0724981648942496,0.1500236524736936,0.4708665022032364,5.889198911449043e-05,-0.0001502197948797,3.1604738252738846e-05,0.0001001493519057,1.1367118648368128e-05,1.818094898092403e-05,-2.0160311806163696e-05,-3.27051921842574e-05,-3.318164087799271e-05,8.029034900649277e-05,2.9729406740642966e-05,1.1771690316478931e-05,5.0035601104702456e-05,4.041536859169676e-06,1.7808594592636144e-05,-0.0001362954563968,0.0001598678771665,-6.632635984440943e-05,-9.88304318253712e-05,-8.062678740115617e-05,0.9999364129573908,-9.045431680707078e-05,4.364425490162912e-05,5.301048189145213e-05,-0.0001476863261433,-5.688910701685224e-05,0.3334440220621578,0.0,0.0,0.0,0.0,0.0,0.0,CHECK_TABLE,real_media,,,,,curated_real_balanced.csv,,
1.0,0.0,0.0,0.0,0.0,0.0,0.8237640857696533,0.1097395833333333,0.38125,0.35,1.0,0.0,0.0,0.0,0.0,0.0,0.8264923691749573,0.0982194010416666,-0.365625,0.2958333333333333,1.0,0.0,0.0,0.0,0.0,0.0,0.6651900410652161,0.0885709635416666,-0.31875,-0.4416666666666666,1.0,0.0,0.0,0.0,0.0,0.0,1.0,0.0,0.0,0.0,0.0,0.0,0.0,MOVE_TO_CHAIR,real_media,mixkit_table_06.mp4,470.0,AVOID_PERSON,1.0,media_labeled_batch_A_real_corrected.csv,batch_A_real,mixed
3.992497699266779e-05,1.000024233850169,5.523756187716068e-06,-0.0001035780138721,0.0002080618884399,9.887869470973086e-05,0.799283097461827,0.0370891834334681,0.4937255809754914,0.229067502330517,-0.0001158241663858,4.800173221591511e-05,5.7787604782643054e-05,4.185254124368136e-05,0.0002151603669621,0.0001366282602423,-9.755330103601891e-05,4.231860110662497e-05,4.2699465229493214e-05,8.071029691142555e-05,8.530823198548872e-05,0.0001701062274868,0.0001101760842471,0.0001471188709629,3.692677648466582e-05,-0.0001634274962177,9.687993514391764e-05,-8.354850062823095e-05,-6.379951013517145e-05,-4.667445999060694e-05,-3.198379802729119e-05,3.199348768906206e-05,0.0001100173602466,1.000096909496642,7.796950760538025e-05,0.9999946413457486,0.3334765799263411,0.0,0.0,0.0,0.0,0.0,0.0,MOVE_TO_CHAIR,real_media,,,,,curated_real_balanced.csv,,
9.069284332151248e-05,-0.0001161861129979,0.9998478758657666,-0.000110910532906,-0.0002443578851126,2.543696603299232e-05,0.951958109103848,0.0715871942111841,0.090654583273519,0.4791564211270638,-0.0001477202749525,0.9999269108432856,-1.331636179274977e-05,-9.260750259766904e-05,3.257565433287265e-05,-2.798547545161611e-06,0.4669718924890047,0.067659604320837,-0.2626411855990734,-0.6166923450993439,1.419128093764222e-05,0.0002032209983391,-0.0001242607098436,3.5326231748607494e-05,5.455885914232447e-05,1.0271649707539949e-05,3.745199247144544e-05,5.585540831012287e-05,6.117153309835587e-05,-2.6410215960157603e-05,1.000023343567343,-7.131555931548719e-05,3.147095083509264e-05,0.0001164226625517,0.0001773118806464,0.0001119922980048,0.6666999107552968,0.0,0.0,0.0,0.0,0.0,0.0,CHECK_TABLE,real_media,,,,,curated_real_balanced.csv,,
1.0,0.0,0.0,0.0,0.0,0.0,0.8710834980010986,0.0886848958333333,-0.3625,0.3291666666666666,1.0,0.0,0.0,0.0,0.0,0.0,0.7772570252418518,0.11021484375,0.3875,0.35,1.0,0.0,0.0,0.0,0.0,0.0,0.7280774712562561,0.1026692708333333,-0.303125,-0.4458333333333333,0.0,0.0,1.0,0.0,0.0,1.0,1.0,0.0,0.0,0.0,0.0,0.0,0.0,MOVE_TO_CHAIR,real_media,mixkit_table_06.mp4,220.0,AVOID_PERSON,1.0,media_labeled_batch_A_real_corrected.csv,batch_A_real,mixed
0.9999761192995408,5.7270040064389874e-05,-7.321968109692886e-05,-0.000108390924779,5.350059734140298e-05,-4.890183946095106e-05,0.7580339110827191,0.1173381654959807,-0.149988357896998,-0.2958264882966523,-8.63103165556799e-06,1.000040752852254,-3.972259837630138e-05,-0.0001957704700389,7.780009613088435e-06,-4.60597130946872e-05,0.4801089398321666,0.0482030684958513,-0.3469130245930904,0.8331588098834841,-7.476547591140491e-06,-6.747657351865359e-05,0.999829845276832,3.121866530082499e-05,-0.0001050559090817,7.183707994201295e-05,0.5474424490053963,0.0816602046390741,0.4500425423493306,0.0625108609896494,0.9999244164613612,9.048106333942384e-05,5.035555256387272e-05,-3.623992598437042e-05,5.806373004968259e-05,-0.0001025582129039,0.9998720234145856,0.0,0.0,0.0,0.0,0.0,0.0,AVOID_PERSON,real_media,,,,,curated_real_balanced.csv,,
-9.967342583784184e-05,1.0000713576720486,0.0002628256202454,-3.398514538137017e-05,-4.632794406830864e-05,5.435794959467846e-05,0.766073645441364,0.1001721823189417,0.6437794874446022,0.5123486585418842,-0.0001153204474945,9.514794531103644e-05,0.9999874841487038,6.739789364545357e-05,-2.9522706297409027e-05,-0.0001911858150288,0.6700585432094716,0.0384715547364068,-0.3968589857790984,0.7375298586600242,-7.083517346308874e-05,1.6144986750600862e-05,-0.0001408144546058,3.365545220291464e-05,6.195014075595217e-05,-0.0001646560536299,2.7175784820382127e-05,4.115603721919241e-05,2.164339904354113e-05,-7.098437101267908e-06,-3.148309508441514e-05,1.612350342874578e-05,-0.0002102898090764,1.0000473802357503,2.056066060455401e-05,1.0001338963040118,0.6668183443798402,0.0,0.0,0.0,0.0,0.0,0.0,MOVE_TO_CHAIR,real_media,,,,,curated_real_balanced.csv,,
1.0,0.0,0.0,0.0,0.0,0.0,0.8591681122779846,0.094453125,0.396875,0.375,1.0,0.0,0.0,0.0,0.0,0.0,0.7442134618759155,0.0745182291666666,-0.40625,0.3375,1.0,0.0,0.0,0.0,0.0,0.0,0.3711175918579101,0.07029296875,-0.3875,-0.4416666666666666,1.0,0.0,0.0,0.0,0.0,0.0,1.0,0.0,0.0,0.0,0.0,0.0,0.0,CHECK_TABLE,real_media,mixkit_table_06.mp4,750.0,AVOID_PERSON,1.0,media_labeled_batch_A_real_corrected.csv,batch_A_real,mixed
-9.978461430593074e-05,1.0000619592529016,1.3355339976993952e-05,5.370479969626888e-05,-0.0001668771830995,-0.0001637640515889,0.952856357259796,0.0515419627422166,-0.049940942343935,0.499892999806743,0.9999120458713472,8.203016996130026e-06,-8.429135556779599e-06,-0.0001397048733442,-7.487606038891585e-05,-3.803524142877757e-05,0.5949282655086237,0.0371577096073948,0.1499409599660945,0.2417566295363344,1.0902741386616215e-05,8.163320572501172e-05,0.0001742164243145,-2.385248935825526e-05,-0.0001523251332616,-0.0001083278961007,-7.363371103178546e-05,3.046993886816212e-05,0.0001225942943723,-8.807765407636056e-05,9.53986598044142e-05,-0.0001671010467858,0.0001443733459659,1.0001746913403171,-0.0001324668346575,1.0000779663131,0.6666852457235566,0.0,0.0,0.0,0.0,0.0,0.0,MOVE_TO_CHAIR,real_media,,,,,curated_real_balanced.csv,,
-8.00890570713224e-05,1.0001444417716876,8.73149148899108e-05,-8.242705965585201e-05,7.65739180982411e-05,6.276172005332323e-05,0.952405305977476,0.0372815013808439,-0.3749014350662095,0.0959906315709806,1.0000642490100953,-1.69514716008254e-05,-0.0001575108722387,0.0001388989299371,-0.0001549168335978,7.823109618258566e-05,0.3702544031079736,0.0657570183663869,0.7969857775731244,-0.2793113528876635,-8.67780280901576e-06,4.8835953728336455e-06,0.0001742395245141,-0.0001805387725806,-0.0001042858498144,-1.3409008090500702e-05,1.1470035292998904e-05,0.0001663971127779,-0.00011517917829,-0.0001287207810403,-3.230387612482475e-05,1.0149218890535198e-05,-0.0001729580818124,-4.856226844732272e-05,1.00004845007063,1.000129762170773,0.6665001037700846,0.0,0.0,0.0,0.0,0.0,0.0,MOVE_TO_CHAIR,real_media,,,,,curated_real_balanced.csv,,
1.0000980337055556,6.970276855038123e-05,-7.076750120767192e-05,1.7950446994625463e-05,-9.516423803954876e-06,6.659844033940475e-05,0.696644004659996,0.0586999459939215,0.843722689642437,-0.3998812722040181,6.918127809133762e-05,1.3976019628225557e-05,1.00009594632336,-9.09006296804509e-05,5.728796050063168e-05,-5.2522347627878025e-05,0.8629107513129665,0.0441591432566975,0.7719452691919094,0.5375618531940797,2.6323900245428143e-05,0.0001120074846547,7.865899044042048e-05,5.381104473478111e-06,2.756689467979997e-05,4.065748679813322e-05,-0.0001101983210998,0.0001767287530055,-1.2159285900967602e-05,0.0001543800370833,0.9997712994723909,-1.809354526185698e-05,6.163071869758802e-05,-6.914089979215625e-05,-2.8479271231923704e-05,-0.0001989242947066,0.6667233112437914,0.0,0.0,0.0,0.0,0.0,0.0,CHECK_TABLE,real_media,,,,,curated_real_balanced.csv,,
1.0,0.0,0.0,0.0,0.0,0.0,0.912072479724884,0.111630859375,0.165625,-0.6666666666666666,0.0,0.0,0.0,0.0,0.0,1.0,0.4321443438529968,0.7755989583333334,-0.0125,0.2,0.0,0.0,0.0,0.0,0.0,1.0,0.5998167991638184,0.1019694010416666,-0.259375,-0.0208333333333333,0.0,1.0,0.0,0.0,0.0,1.0,1.0,0.0,0.0,0.0,0.0,0.0,0.0,AVOID_PERSON,real_media,mixkit_table_05.mp4,160.0,AVOID_PERSON,1.0,media_labeled_batch_A_real_corrected.csv,batch_A_real,mixed
1.0,0.0,0.0,0.0,0.0,0.0,0.783930242061615,0.1154459635416666,0.378125,0.3333333333333333,1.0,0.0,0.0,0.0,0.0,0.0,0.7396817803382874,0.0733658854166666,-0.40625,0.3375,1.0,0.0,0.0,0.0,0.0,0.0,0.5314309597015381,0.07734375,-0.384375,-0.4083333333333333,1.0,0.0,0.0,0.0,0.0,0.0,1.0,0.0,0.0,0.0,0.0,0.0,0.0,CHECK_TABLE,real_media,mixkit_table_06.mp4,760.0,AVOID_PERSON,1.0,media_labeled_batch_A_real_corrected.csv,batch_A_real,mixed
-1.488054447105029e-05,-0.000217836801101,1.0000205278050425,4.099005301975789e-05,4.64555012131755e-05,-2.5282746183039548e-05,0.8973864391086305,0.0741184836178395,-0.0593987810505869,0.3665686118636244,-9.789639389004718e-05,0.9998706969348656,3.229128969057872e-05,0.0001034866656981,-8.676573540862464e-05,0.0001733129252162,0.5503170592961419,0.0504912045170687,-0.099853108729132,-0.124962696822357,-0.0002063090152174,8.519826330806279e-05,-4.754573907244231e-05,-0.000137934999933,4.111459530380784e-06,-0.0001717116430998,6.364859392900057e-05,-9.827176079494622e-06,6.735649977801404e-05,-8.466981966340337e-05,0.0001141081642951,-1.231103701961907e-07,0.9999433523679648,-2.2063143378084347e-05,4.525473481508133e-06,1.0000764178381638,0.6666579300237861,0.0,0.0,0.0,0.0,0.0,0.0,CHECK_TABLE,real_media,,,,,curated_real_balanced.csv,,
1.0,0.0,0.0,0.0,0.0,0.0,0.6331831812858582,0.0040950520833333,0.159375,0.0416666666666666,1.0,0.0,0.0,0.0,0.0,0.0,0.546876072883606,0.005,0.59375,0.0458333333333333,1.0,0.0,0.0,0.0,0.0,0.0,0.4832040667533874,0.0205859375,0.64375,0.575,0.0,0.0,1.0,0.0,0.0,1.0,1.0,0.0,0.0,0.0,0.0,0.0,0.0,EXPLORE,real_media,mixkit_table_07.mp4,210.0,MOVE_TO_CHAIR,1.0,media_labeled_batch_A_real_corrected.csv,batch_A_real,mixed
3.152181850664754e-05,-0.0001384483102096,1.0001029321551254,0.0001444140886248,0.0001345651197974,-5.353763609157173e-06,0.9653404241327554,0.0541322254004765,-0.1999974711914658,0.3166712341983428,1.0001759985469183,-0.0001492518126847,-7.072758738338176e-05,7.987690002955935e-05,-1.6214375487741035e-06,-0.0001509334839849,0.4624253198796957,0.0880501805676039,0.3750725145785106,0.1542673101259465,-3.4592274884920046e-05,0.0001126079912173,-0.0001058300551529,2.3216431984092075e-05,-0.0001521601548752,-8.080727333423465e-05,0.0001597332480392,-4.83785199328644e-05,-0.0001089935540606,0.0002313373436782,-9.262124378919568e-05,-6.390988741992688e-05,1.0000546658608938,-0.0001670246257262,-4.1099312518485456e-05,1.000034361795486,0.6668020010568941,0.0,0.0,0.0,0.0,0.0,0.0,CHECK_TABLE,real_media,,,,,curated_real_balanced.csv,,
6.362450602783419e-05,0.9999597245356172,1.2531429335134451e-05,9.966778935046674e-05,-9.26425483193545e-05,0.0001186214537491,0.4568084873947131,0.0525941672668526,-0.0280240315382853,0.3955835332190416,-0.0001027628756072,5.9894210643657423e-05,1.000067258058445,7.288997380295083e-05,7.911915725961737e-05,2.175201135572108e-05,0.5445006275168341,0.0385432918818147,0.2374887008540243,-0.5625691717044621,0.0001780983918854,-3.384289607054025e-05,-0.0001179542634664,5.266621310952313e-05,-9.108398436619548e-05,5.482961615843354e-05,0.0001188285818577,0.0002205444718277,-0.0001042928147888,0.0001259619807872,0.0002462315023219,9.479483623709609e-06,3.820013039084173e-05,0.99995164968711,8.285379545699626e-06,0.9999530837420672,0.6665859821395516,0.0,0.0,0.0,0.0,0.0,0.0,EXPLORE,real_media,,,,,curated_real_balanced.csv,,
-7.613181345152174e-05,0.0001133946534779,6.206527600749779e-05,0.0002243350471055,-2.610669242546549e-05,1.000204682957215,0.3372227718225585,0.0300313342957225,0.1030693072805199,0.0082164057463379,-5.44569291207765e-05,-0.0001294394178148,0.0002157334911575,8.461408074236187e-05,-0.0001808936284011,1.3981438957210096e-05,-4.248147710444076e-05,-2.5549682033257462e-05,-2.6492977616836107e-05,1.828458366768521e-05,-7.678545620619574e-05,-7.552368941342797e-08,8.722280036043137e-05,-3.928854558886472e-05,0.0001893872438807,9.201616617736464e-05,-3.135929046049952e-06,1.1353643116402426e-06,-9.8761644110467e-05,0.0001946896486714,1.00008379721441,-2.8554680351152563e-05,4.097338373254098e-05,6.404156526616297e-06,0.0001441847428942,6.681040139409131e-05,0.333366855055099,0.0,0.0,0.0,0.0,0.0,0.0,EXPLORE,real_media,,,,,curated_real_balanced.csv,,
0.9999164048926346,-6.616753956225848e-05,0.0001141141827025,1.9068736875265176e-05,0.0001021295080463,2.305655414748868e-06,0.8153592265764285,0.0765724659389911,0.2498811092441396,0.1125152694917473,0.0001410733030672,-6.199735984960305e-06,1.0000751236435674,-9.84610867503709e-05,-3.2377016020066884e-05,-1.879789516889884e-06,0.9075111219417674,0.068355503074923,0.1687480914220053,0.2874778248662017,5.062569052799375e-05,1.0000408272617465,-3.906295004422591e-05,-8.279837563394931e-05,-7.61489652271272e-05,0.0001702894180979,0.4690202103154072,0.0378265728179776,-0.1686675526674231,-0.3583237772042216,3.448388884461246e-05,1.0000418426077395,-0.0001504951530868,4.30874107643569e-05,-6.748579324668261e-05,0.999926589270778,1.0000288473368837,0.0,0.0,0.0,0.0,0.0,0.0,AVOID_PERSON,real_media,,,,,curated_real_balanced.csv,,
-5.848523037493755e-05,0.9999967449235956,-0.00018173819394,4.700376891725589e-06,1.5258443277332236e-05,3.540615410369178e-05,0.952441808883118,0.0628546746891242,-0.4623579730771905,0.1915668796274869,0.9999166687884996,-4.785354537611643e-06,0.0001638852087531,0.0001084030990775,0.0001197959440298,0.0001669319987706,0.4017337138193443,0.0510311320243908,-0.0624400524868268,-0.2959377924087713,-2.734722325923664e-05,7.340401097556708e-05,0.999890234750231,-3.39344992367794e-05,0.000102351615199,0.0001168816470315,0.5258030449686366,0.0674554688925749,-0.3625506001344359,0.5458137224684487,9.704706219594168e-05,9.465845520751944e-05,0.0001026346471933,0.0001078339953631,1.0002128127794458,1.000067069718729,0.9998943035086748,0.0,0.0,0.0,0.0,0.0,0.0,MOVE_TO_CHAIR,real_media,,,,,curated_real_balanced.csv,,
-6.157900250562716e-05,-3.992289423047368e-05,0.9999604425311096,7.473264819601034e-05,1.956763245356974e-05,-8.898689604680444e-05,0.721493158369644,0.0856022765512458,-0.1468636858458476,0.1708371988182933,-7.523195644152433e-05,0.0001491395499407,-7.264312069437187e-05,2.5567482223344777e-07,0.0001617444682629,0.0001437714240506,3.292115792387119e-05,-7.18714893820882e-05,-0.0001663851097047,-2.394536134206953e-05,2.1249923787983225e-05,0.0001283381120114,0.0001014694820547,4.901250089947207e-05,1.1860008895322206e-05,0.0001595448088524,-2.08793211720244e-05,-6.795015944963129e-05,-0.0001568471676912,6.845809648613099e-05,-0.0001431615972283,-7.380807307299558e-06,0.999870227008259,0.0001885662511735,-5.3474931570026085e-06,1.000145456678241,0.3334227607038139,0.0,0.0,0.0,0.0,0.0,0.0,CHECK_TABLE,real_media,,,,,curated_real_balanced.csv,,
1.0,0.0,0.0,0.0,0.0,0.0,0.8721411824226379,0.1077083333333333,0.371875,0.3666666666666666,1.0,0.0,0.0,0.0,0.0,0.0,0.8495118021965027,0.1096875,-0.34375,0.2875,1.0,0.0,0.0,0.0,0.0,0.0,0.5881924033164978,0.0953841145833333,-0.321875,-0.3875,1.0,0.0,0.0,0.0,0.0,0.0,1.0,0.0,0.0,0.0,0.0,0.0,0.0,MOVE_TO_CHAIR,real_media,mixkit_table_06.mp4,560.0,AVOID_PERSON,1.0,media_labeled_batch_A_real_corrected.csv,batch_A_real,mixed
0.9998817916678916,-4.201444833241669e-05,9.998660760989808e-05,9.715612632082106e-06,-0.0002830602366133,3.080731209132162e-05,0.6894908693056717,0.0130263428893897,-0.5249006555294695,-0.2293378013234833,1.000200986081739,-8.073871974826791e-05,-0.0002200577454205,-1.5938954698715917e-06,3.4235130544196485e-05,-1.2030761381398524e-05,0.6606950622138401,0.0289768704729138,0.6374955311169462,0.6541669240079468,0.9999585541069872,3.934840478116497e-05,4.0471171245071074e-05,0.0002504006374405,-9.40902116119486e-05,8.58578905235332e-05,0.6372077756378464,0.0203012263437514,0.2532403354724218,0.7834966683881617,-2.803554432159639e-05,3.531629351205239e-05,1.00011752350504,-2.8609060118931968e-05,0.0001178981888843,0.9999688352152792,0.9999751718686488,0.0,0.0,0.0,0.0,0.0,0.0,MOVE_TO_CHAIR,real_media,,,,,curated_real_balanced.csv,,
0.9999522677411948,-5.53791747680908e-05,-9.233496794210696e-05,5.9404366010433735e-05,-0.0001485415704712,0.0001166312611097,0.9371426697051732,0.0665420527336922,0.0688092343044706,-0.1501331524551772,-1.806101604397552e-05,0.9998891687295978,-7.498665461421861e-06,-6.498603664237792e-05,-0.0001170064708367,-0.0001059838131874,0.8085333631590809,0.0361591700481148,-0.3345001039756958,0.5833422285992934,3.61634606794935e-05,-1.6255997706830438e-05,0.9998666175455128,0.0001110765985023,-8.148127811858996e-06,0.0001392361765766,0.8064476044681107,0.0631861480817823,0.2779562715060032,0.7624607507212897,-4.794008948453071e-05,0.000173541082305,0.9999401900191128,-0.0001265038099369,-5.641638279686274e-05,0.9999219264165424,0.9999942576982248,0.0,0.0,0.0,0.0,0.0,0.0,AVOID_PERSON,real_media,,,,,curated_real_balanced.csv,,
1.0,0.0,0.0,0.0,0.0,0.0,0.7222830057144165,0.0247916666666666,0.234375,0.7125,0.0,1.0,0.0,0.0,0.0,0.0,0.7887914776802063,0.01435546875,0.05,0.85,1.0,0.0,0.0,0.0,0.0,0.0,0.6179276704788208,0.0201009114583333,0.634375,0.5833333333333334,1.0,0.0,0.0,0.0,0.0,0.0,1.0,0.0,0.0,0.0,0.0,0.0,0.0,EXPLORE,real_media,mixkit_table_07.mp4,180.0,AVOID_PERSON,1.0,media_labeled_batch_A_real_corrected.csv,batch_A_real,mixed
8.201648549290161e-05,1.0001321235762193,-0.0001584814161083,0.0001600849910909,-0.0001905611087481,0.0001358150720715,0.7551755485552288,0.0579423767320618,-0.1375321224570439,-0.008316849503714,0.9998834766964078,-0.0002100505910686,-9.340910997995585e-05,9.230200526556058e-05,1.5474315852680028e-06,1.1157154305146626e-05,0.4544796100568994,0.0441851010203357,0.2813263871552476,-0.0414899521111876,-2.7942646995974585e-05,-2.9451316928341223e-05,-4.279270789211069e-05,0.000116339340683,8.133788353690325e-05,-9.917824091567916e-05,8.008610173478152e-05,-2.7447097197388965e-05,-6.085102374633078e-05,-5.414593464767162e-06,1.0000309026297225,-6.299557459356288e-05,-8.478612164710111e-05,0.0001944256202014,1.7609701385855005e-05,4.490305298177591e-05,0.666713609901837,0.0,0.0,0.0,0.0,0.0,0.0,MOVE_TO_CHAIR,real_media,,,,,curated_real_balanced.csv,,
0.0001260891632028,0.9998530968257088,-0.000117459562502,4.624151800411194e-06,3.148689283011036e-05,0.0001147614236824,0.9455555795625024,0.0601474356951995,-0.3404862191719774,0.2041811530683476,1.000087944084122,-7.816413421551115e-05,4.34631903997952e-05,6.857463946483345e-05,0.0002547151840148,-7.475427083977832e-05,0.4231835135117425,0.0493991213033731,0.4969356624704409,0.0249646081797539,-1.4776626447210551e-05,2.1998722846319488e-05,5.2295397275386606e-05,0.000153336905101,7.02200237849802e-05,-0.0001130532697107,-0.0001737025190636,6.443309406399109e-06,1.3132923324913146e-06,6.750610558682353e-05,1.000001069857653,-0.0001025088210265,-6.58517444104546e-05,-4.132974587283032e-05,-0.0001149251082673,-6.963457601836845e-05,0.6666678858918764,0.0,0.0,0.0,0.0,0.0,0.0,MOVE_TO_CHAIR,real_media,,,,,curated_real_balanced.csv,,
1.0,0.0,0.0,0.0,0.0,0.0,0.9116164445877076,0.14974609375,0.19375,-0.6125,0.0,0.0,0.0,0.0,0.0,1.0,0.3501850962638855,0.7784798177083333,-0.015625,0.2,0.0,0.0,0.0,0.0,0.0,1.0,0.5735040307044983,0.11484375,-0.45,0.5083333333333333,0.0,1.0,0.0,0.0,0.0,1.0,1.0,0.0,0.0,0.0,0.0,0.0,0.0,AVOID_PERSON,real_media,mixkit_table_05.mp4,90.0,AVOID_PERSON,1.0,media_labeled_batch_A_real_corrected.csv,batch_A_real,mixed
1.0,0.0,0.0,0.0,0.0,0.0,0.6430218815803528,0.0147135416666666,-0.63125,-0.0583333333333333,1.0,0.0,0.0,0.0,0.0,0.0,0.5761147737503052,0.01890625,0.71875,-0.025,1.0,0.0,0.0,0.0,0.0,0.0,0.5459870100021362,0.020625,0.596875,0.6041666666666666,0.0,0.0,1.0,0.0,0.0,1.0,1.0,0.0,0.0,0.0,0.0,0.0,0.0,MOVE_TO_CHAIR,real_media,mixkit_table_07.mp4,30.0,MOVE_TO_CHAIR,1.0,media_labeled_stage2_curated_train_20260506.csv,batch_stage2_train_20260506,occlusion
0.0002196900065637,8.174223699862838e-05,-3.53590952208173e-05,0.0002873990528388,-1.6276302640606275e-05,0.99993383359427,0.2941783135555535,0.8718213722742985,0.0437399044511862,9.533020147375266e-05,-2.2464589063422905e-05,0.0001090228143814,-8.528994960773215e-05,-1.0909961258544992e-05,-0.000177616016098,0.9999724158681752,0.3282471111536486,0.7915281349889096,0.0343618980299821,-0.0165824852251869,-7.161343797305116e-05,-0.0001136505057548,0.0001413711332624,0.0001150245507557,2.8944842372219385e-05,0.9998024870907566,0.3587597849393724,0.753551694609166,0.050002931325001,-0.037471615032517,1.0000927382629274,6.274381679848375e-05,-0.0001530388197392,1.0841994884332506e-05,3.0565098811943047e-05,7.259910233401488e-05,0.999897065800357,0.0,0.0,0.0,0.0,0.0,0.0,EXPLORE,real_media,mixkit_space_05.mp4,196.0,EXPLORE,1.0,curated_real_balanced.csv,,
3.1202452915368035e-05,0.9998971993800946,-0.0001088015755053,8.063321719208804e-05,4.356379316094378e-05,-4.8960615986551824e-05,0.6182654204317118,0.0538028143491599,-0.1967089489002991,0.5041384537069191,-7.724246978910298e-05,0.0001112068440948,0.9999674264444122,6.505815241621376e-05,3.572842935045668e-05,7.746618895213538e-05,0.7387193702055532,0.0614032921538695,-0.087470657751604,0.3624509511141958,-5.3880717880723175e-05,0.0001834006474555,2.6281635031591657e-05,-9.924488792420197e-05,3.073763902238152e-05,-2.1815380633634685e-05,7.076601278218195e-06,-0.0001808340306069,5.555369337951605e-05,0.0001509784723979,4.4916135477733214e-05,9.398888132560265e-06,1.000100571287048,2.314376501390894e-05,-4.2478138896851054e-05,1.0000117526199113,0.6665335108758353,0.0,0.0,0.0,0.0,0.0,0.0,CHECK_TABLE,real_media,,,,,curated_real_balanced.csv,,
1.1613229608154084e-05,1.0001845844075965,-4.348564081712785e-05,-7.896809135167634e-05,3.386193317433276e-05,1.929750883019228e-05,0.8497266104711156,0.0426222472543494,-0.2999748019864108,0.0542019870012407,1.884574534882984e-05,9.090824376903948e-05,1.000068923269037,5.428180028715627e-05,6.266053008990086e-05,-0.0001693432709795,0.5905712050522448,0.0411514920847949,-0.8314770805357123,0.5290048531698315,9.872559069685096e-05,6.470946008903921e-05,5.719562643185623e-05,1.736499603371391e-05,8.101870021680888e-05,2.826605923461057e-05,-4.492303611487501e-05,9.470587042680936e-05,-5.342073972685334e-05,0.0001738249998645,6.816382322256136e-05,5.85705292421467e-05,0.0001734301597223,1.0000749354411542,2.969324014056179e-05,1.0000698456455792,0.6666803148078216,0.0,0.0,0.0,0.0,0.0,0.0,MOVE_TO_CHAIR,real_media,,,,,curated_real_balanced.csv,,
-0.0001322927574462,0.9999727237696108,2.298500597054492e-05,-0.0001894806792741,6.18508038446584e-05,4.2850520183108486e-05,0.7871315446061355,0.0598513066688894,-0.0969040542256202,-0.3125393892067599,-3.967421869222806e-05,9.219677599759211e-06,0.0001125937469792,-0.0001407542802582,-0.0001383656996786,5.975099058226713e-05,7.300981906773119e-05,-2.237461581060656e-05,-6.785146061527094e-05,8.935134374929886e-05,8.831419607293902e-06,-6.157934906003327e-05,-8.029706248743956e-05,-1.0220826444851363e-05,6.079747344746069e-05,0.0001578272368178,2.679637846165821e-05,-1.6158015750929874e-05,-7.782407677129622e-05,-2.4178964413759144e-05,-0.0001059979181235,0.0001159499531544,-9.232870984090178e-05,-1.2070116035190496e-05,1.0000592374450992,1.0001041388085992,0.333264966499004,0.0,0.0,0.0,0.0,0.0,0.0,MOVE_TO_CHAIR,real_media,,,,,curated_real_balanced.csv,,
3.5405968802292645e-05,0.999978132988846,-0.0001045224826321,-4.82077836551243e-05,-1.1266384503371129e-05,-7.79585238572612e-06,0.7123443918242612,0.0635217903620085,-0.0031999543831044,0.3204904643495216,7.983271153916189e-05,1.2344126251974743e-05,0.9999882294016108,0.0001000431876586,-0.0001707512940517,-5.530754779261847e-05,0.7996561800408574,0.0802263564495315,0.6187772950296955,-0.3500060904966278,1.6393895586872249e-06,-9.05226916005516e-05,6.94653645540909e-05,0.0001639495947336,4.32504740785412e-05,7.266289218385642e-05,6.754642498854932e-05,0.0001066611746151,5.679902641757738e-05,6.398398055147681e-05,1.0000388375911624,7.865924952494768e-05,3.9393176745868416e-05,9.304698232761418e-05,6.447512338096499e-06,7.287990893335393e-05,0.6666175758302775,0.0,0.0,0.0,0.0,0.0,0.0,CHECK_TABLE,real_media,,,,,curated_real_balanced.csv,,
1.0,0.0,0.0,0.0,0.0,0.0,0.7457048296928406,0.1119921875,0.3625,0.3708333333333333,1.0,0.0,0.0,0.0,0.0,0.0,0.7609313726425171,0.0717447916666666,-0.409375,0.3375,1.0,0.0,0.0,0.0,0.0,0.0,0.6364258527755737,0.0739876302083333,-0.384375,-0.4208333333333333,1.0,0.0,0.0,0.0,0.0,0.0,1.0,0.0,0.0,0.0,0.0,0.0,0.0,CHECK_TABLE,real_media,mixkit_table_06.mp4,890.0,AVOID_PERSON,1.0,media_labeled_batch_A_real_corrected.csv,batch_A_real,mixed
-9.026656547380234e-05,1.000125179442506,-5.333205840239233e-05,-0.0003072859660114,6.89592118308832e-05,-0.0001081522363664,0.933578265796699,0.0567893878615003,-0.2155976308164111,-0.0041737779701716,4.012431979341409e-05,-7.504370989918908e-05,1.000178223030007,0.0002386519651348,0.0001249503970491,-0.0001143145054266,0.6848454561840581,0.0538293865926699,-0.6094838450181691,0.016638585211933,2.1206237435224605e-05,-1.6300943815876625e-05,4.72375027824004e-05,7.39415781168693e-05,5.1757111624160245e-05,2.615222030364524e-05,-4.819445381684644e-06,0.0001946975817613,4.051454005877021e-05,9.371069281542644e-05,-8.094896527718132e-05,-0.0001081414077483,5.414013614403024e-05,1.0000330761342795,0.0001222584004767,0.9999542424987624,0.6665959815939697,0.0,0.0,0.0,0.0,0.0,0.0,MOVE_TO_CHAIR,real_media,,,,,curated_real_balanced.csv,,
1.0,0.0,0.0,0.0,0.0,0.0,0.6430218815803528,0.0147135416666666,-0.63125,-0.0583333333333333,1.0,0.0,0.0,0.0,0.0,0.0,0.5761147737503052,0.01890625,0.71875,-0.025,1.0,0.0,0.0,0.0,0.0,0.0,0.5459870100021362,0.020625,0.596875,0.6041666666666666,0.0,0.0,1.0,0.0,0.0,1.0,1.0,0.0,0.0,0.0,0.0,0.0,0.0,EXPLORE,real_media,mixkit_table_07.mp4,30.0,MOVE_TO_CHAIR,1.0,media_labeled_batch_A_real_corrected.csv,batch_A_real,mixed
1.000036756918921,-6.777143029795253e-05,-4.3086235972547465e-05,5.925800721907915e-05,1.403244761533391e-05,-5.345050673719199e-05,0.8400839283697866,0.0840029265724953,-0.3653400964712053,0.3415449651164364,0.9999808204675492,-3.428150529003597e-05,1.863360357686439e-05,4.377192067999914e-05,-1.9346262735734835e-05,-2.9636032283981107e-05,0.8113457953919105,0.1074049717826752,0.3875361541734189,0.3456323173487509,0.9998665997509024,2.330950609458164e-05,-7.598371020415595e-05,-1.6004688694053142e-05,8.662851285347076e-05,6.645508441184236e-05,0.5773022988623201,0.095995041388427,-0.3217709902829454,-0.4083314659903981,0.9999994946940168,3.351284134142248e-05,-1.7637801555319376e-05,-0.0001745043934129,0.0001207406390381,-8.589426897512649e-05,0.9998549872333776,0.0,0.0,0.0,0.0,0.0,0.0,AVOID_PERSON,real_media,,,,,curated_real_balanced.csv,,
0.9999556585554736,3.1519047017664136e-05,-1.007923192041826e-05,5.540972046245615e-05,-4.992943003668788e-05,-4.698659781981623e-05,0.4848972708149788,0.0702913746809369,0.5159424901987516,-0.3917043474508299,-4.874918486939174e-05,0.9998353614352308,-1.1818574702677108e-05,-8.951271504222263e-06,-7.56262035753064e-05,5.717744551541166e-05,0.5567533596936995,0.0504777246501182,-0.7093329805334041,-0.2500084387867881,-0.0001561360048382,2.0943422527680127e-05,0.9999365456763156,0.0001808959069416,-2.578249031271952e-05,4.2460449697263656e-05,0.7565918583542997,0.0356289942184765,0.8436383773445065,0.0749125132254617,-2.298103532466764e-05,1.000033698943955,2.1961730974885207e-05,0.0001131160975168,-4.968546036254752e-05,1.0000292855083968,0.9999718000232511,0.0,0.0,0.0,0.0,0.0,0.0,CHECK_TABLE,real_media,,,,,curated_real_balanced.csv,,
-5.091886801713917e-05,1.0000566820026775,9.051066350822636e-06,-5.6672549833076105e-05,5.676002726673334e-05,7.952814093586552e-06,0.781673204116124,0.0354494787409952,-0.2656091920220443,-0.1249882144824572,2.146198735945976e-06,-6.394252506915586e-05,0.99989766180244,-5.672297171293117e-05,-7.409118482619644e-05,0.0001833890339441,0.8296557791757835,0.0774972855398295,-0.406242578510143,-0.0749736162458115,1.0001553521858395,-0.000103376010695,-7.505985698799301e-05,-0.0001307060168046,9.466767622279106e-06,2.265932828494022e-05,0.3517204075424236,0.0417988230363336,0.5842692203883202,0.0250223599453669,6.251565359075994e-05,0.9999795466594468,-3.885721217840645e-05,-5.352329236255418e-06,-5.981076359060047e-05,1.000048670131856,0.999999990133891,0.0,0.0,0.0,0.0,0.0,0.0,CHECK_TABLE,real_media,,,,,curated_real_balanced.csv,,
0.9999925208663848,-6.952026379940693e-05,-3.950087403464503e-05,-7.40979515812132e-05,-0.0002026241532609,0.0003116712847605,0.7658512461408675,0.0236250066742743,-0.7061714919194126,0.487512586458897,0.9999876273683256,-8.279929950334922e-05,9.875276583888925e-05,-0.0002037496707356,9.049715413688874e-05,0.0001054320272991,0.6930772721987073,0.0207029446153777,-0.8313853755024834,-0.0207719325283896,1.0000963348057297,2.109217026621605e-05,4.908754009322778e-05,-0.0001805849102909,-9.46317059198782e-06,7.946308890057844e-05,0.5157119915159413,0.0169319283760666,-0.6498592091116362,2.3317212549185003e-05,0.000188907756687,4.389189286377275e-06,-7.448732682381707e-05,1.76694482952209e-05,0.999947355188154,1.0000982644788157,1.000137836950438,0.0,0.0,0.0,0.0,0.0,0.0,EXPLORE,real_media,mixkit_space_07.mp4,480.0,EXPLORE,1.0,curated_real_balanced.csv,,
0.9998791331769318,-4.646797061662537e-05,-1.0892398531372596e-05,-0.0001787422925463,2.911498214642562e-05,-0.0001451008225828,0.2544198618593001,0.5036365528042789,-0.4970572874933875,-0.0042749980226154,0.0001433909577458,-0.0002691744345534,8.235925771719985e-05,2.368406082014604e-05,-8.905272582645391e-05,-8.499137546139716e-05,-3.164301039469756e-05,-5.484893696813133e-05,8.80305301441283e-05,-5.242156269988542e-05,0.0001866605763035,-6.018359670109935e-06,0.0001157641861267,-5.682422254953015e-05,4.9228693165342674e-05,9.94941030763725e-05,-1.809869193593719e-05,-1.967798003749662e-05,-3.9614697497012354e-05,5.312306828160351e-05,-7.974220028637315e-05,-3.625582807137763e-05,3.84402821760087e-05,-3.981727406845344e-05,1.0001569613334722,1.000016834838886,0.333289916038018,0.0,0.0,0.0,0.0,0.0,0.0,CHECK_TABLE,real_media,,,,,curated_real_balanced.csv,,
1.0,0.0,0.0,0.0,0.0,0.0,0.7120691537857056,0.019765625,0.3,-0.1333333333333333,0.0,1.0,0.0,0.0,0.0,0.0,0.7826524972915649,0.01484375,0.115625,0.8291666666666667,1.0,0.0,0.0,0.0,0.0,0.0,0.6150503754615784,0.00431640625,0.1375,0.0416666666666666,0.0,0.0,1.0,0.0,0.0,1.0,1.0,0.0,0.0,0.0,0.0,0.0,0.0,EXPLORE,real_media,mixkit_table_07.mp4,50.0,AVOID_PERSON,1.0,media_labeled_batch_A_real_corrected.csv,batch_A_real,mixed
-0.0001166246772756,0.9998818694710602,-0.0001526788630764,0.0001661927894853,-3.728937870720423e-05,-1.989013070666997e-05,0.9802738214888504,0.0859287017045775,0.3249276799002172,-0.1459227821468787,0.9999045527304892,1.5103660989392904e-05,0.0001474858079377,5.585425737609075e-05,-7.498360629866874e-05,-2.318760546384086e-05,0.7144994420667307,0.0449890705701121,0.5719688664021808,0.0874082853712182,9.114757956965834e-05,4.909393726920198e-05,1.000138011033218,5.268002008326461e-05,-1.074171476251402e-05,-1.0027726001495752e-05,0.6777177886153263,0.0359868963814851,-0.7061680251790972,0.6375445016420154,0.999862624459646,-0.0002306884297018,-3.095876894441683e-05,0.0001348721952709,-8.330941151699833e-05,6.83540307351666e-05,0.9999533669399434,0.0,0.0,0.0,0.0,0.0,0.0,MOVE_TO_CHAIR,real_media,,,,,curated_real_balanced.csv,,
1.0001350026892353,4.485952883813771e-05,-9.808676062247472e-05,-0.0001856342750202,-2.2307276749185084e-05,-7.676332680783346e-05,0.8075196823799523,0.1326648927975568,0.4969429103225576,-0.0460298051184959,-3.519337765293982e-06,1.000129843048306,-4.814552191187737e-06,-4.836086483453155e-06,0.0001534407428432,-0.0001968242625468,0.7501554569685882,0.0310872419104091,-0.0219621070629307,0.4541955992146955,5.424721685682196e-05,3.857861326579655e-05,4.067803630983951e-05,0.0001569487891753,-0.0001507025294864,8.652578420676634e-05,0.0001412862727944,0.0001281773735241,-5.32190573947159e-06,5.177781313954612e-06,-6.16729159964441e-05,5.15379968189824e-05,1.0000026067332228,-3.1606551732407755e-05,-7.837671926460192e-05,0.999981984975628,0.6668921176839706,0.0,0.0,0.0,0.0,0.0,0.0,AVOID_PERSON,real_media,,,,,curated_real_balanced.csv,,
1.0,0.0,0.0,0.0,0.0,0.0,0.898304283618927,0.1680078125,0.309375,-0.575,0.0,0.0,0.0,0.0,0.0,1.0,0.2596422135829925,0.7307291666666667,-0.021875,0.2125,0.0,0.0,0.0,0.0,0.0,1.0,0.6825021505355835,0.1030859375,-0.003125,-0.0166666666666666,0.0,1.0,0.0,0.0,0.0,1.0,1.0,0.0,0.0,0.0,0.0,0.0,0.0,AVOID_PERSON,real_media,mixkit_table_05.mp4,40.0,AVOID_PERSON,1.0,media_labeled_batch_A_real_corrected.csv,batch_A_real,mixed
-0.0001574961232683,-8.824357175913955e-05,1.0001333468865496,-0.0001624077989121,6.73087648486242e-05,0.0001573655317183,0.881296940686491,0.10624460811824,-0.1001397749895435,-0.2583317984494859,4.335909160322901e-05,-0.0001470946102931,-9.345010489140696e-05,2.896299874685681e-05,0.0001119679130483,0.0001141302802441,-5.30100151655184e-05,-2.5233766757339845e-05,2.5016912808717e-06,-7.518350288126857e-05,2.502769280786456e-05,-4.652571853483782e-05,0.0001051259112701,9.646239688270416e-05,4.505004461647331e-05,0.0001288039107697,0.0001347825990453,-1.5400209070950343e-05,0.000117446588663,4.262275881067704e-05,0.9998394454910078,1.3146036116225512e-05,-0.0001075920016942,-0.0001605116323787,1.880124142331051e-05,-3.845234265228828e-05,0.3332166876882149,0.0,0.0,0.0,0.0,0.0,0.0,CHECK_TABLE,real_media,,,,,curated_real_balanced.csv,,
1.4492813397185763e-05,1.000153950037297,5.950973507412685e-05,-3.5850809786542364e-05,2.821497597391497e-05,-8.598071473564269e-05,0.4267536917795253,0.0438928932397826,0.0345103327700257,-0.6206290367995206,3.568259325847102e-05,6.802996575502838e-05,-1.74769009763001e-05,-6.283942010553673e-05,1.522816096081558e-05,-9.633265715883053e-05,-3.332332608684304e-05,4.577043471167361e-07,3.067515841518477e-05,8.038729373977224e-05,-9.90999920594391e-05,9.54032222311138e-05,3.241487661347704e-05,6.485048815383015e-05,0.0001320814036796,0.0001325808762773,0.0001081240068554,1.0025867410445728e-05,0.0001741082471307,3.016439856559748e-05,1.0001942255076632,6.547502909239812e-05,4.9372205788960255e-05,5.24062615884242e-05,6.305154190890024e-05,3.359622083518672e-05,0.3332723213161407,0.0,0.0,0.0,0.0,0.0,0.0,EXPLORE,real_media,,,,,curated_real_balanced.csv,,
0.999976821821172,0.0001819869109865,1.4829369986709028e-05,0.0002166647950737,-8.258022602399694e-05,0.0001454322710639,0.924742251319387,0.1217195999450562,0.2217924658342978,-0.1667427849754265,-5.110563328065325e-05,0.0001534405711537,5.3203110089317245e-05,0.000128778188328,-0.0001060764420528,0.0001691328864472,0.0001284593226869,-5.913368012936169e-05,-7.139647673636233e-05,-3.5805333058318133e-06,5.761140326576495e-05,-1.6320967441118074e-05,6.477308022336092e-05,-0.0001157814957581,0.0001343854548884,0.0001202715878589,9.025244224038834e-05,-0.0001021647103177,9.82628328384233e-05,-0.0001099837481432,0.0001398925237099,-0.0001248519206012,0.9999804928038964,8.45692480342454e-05,-0.0001038359155468,0.9998093942979912,0.3332813699648005,0.0,0.0,0.0,0.0,0.0,0.0,AVOID_PERSON,real_media,,,,,curated_real_balanced.csv,,
0.0002659153712219,0.9999770050356048,-0.0001367167768436,2.392019802663635e-06,-8.309424584696904e-05,-9.850566908368803e-07,0.7856416871311387,0.0502666397465666,0.2875232839266458,0.3499914252248341,0.9999068627220424,-0.0001096555951502,-0.0001233819374134,6.258461929441562e-05,-3.669433074833316e-05,5.8311076609614056e-05,0.5090858660698998,0.0630531105089968,0.4719059160295669,0.1416592093907854,-0.000110674512441,-0.0001011665611936,2.3409813820780065e-05,-0.0002111600758485,7.725715601565277e-05,2.88330218624768e-05,3.120991137143692e-06,8.411049243713764e-05,-1.5727365238615726e-05,9.987486341588e-05,6.531901044959003e-05,-3.140142505613288e-05,-8.447139125116291e-05,1.7625911112616866e-05,0.9999773073548792,0.9999421576725738,0.6666595232546177,0.0,0.0,0.0,0.0,0.0,0.0,MOVE_TO_CHAIR,real_media,,,,,curated_real_balanced.csv,,
2.76669400605472e-05,-6.001069611763528e-05,-3.88819399158322e-05,-0.0002439746026783,1.0001082396315462,5.5366093412844623e-05,0.2513691110822544,0.0318543704190951,-0.7377075167325697,0.3209195938174237,0.0001194873387535,-9.684114891910045e-06,2.0354016921665385e-05,1.1255558324328691e-05,-5.445506091166289e-05,-7.298337079216209e-05,1.6283049817557113e-05,-7.346456799390244e-05,2.6290298664277457e-05,1.757129113461031e-05,-3.05082243810481e-05,3.20965140580381e-05,-6.720587469493412e-05,0.0001397213714994,0.00019274974362,-6.898139235369158e-05,-3.3637562906152175e-05,-0.0001169007798053,-0.00010048664256,-7.221753442903995e-05,1.0000767965795545,-1.995180475704767e-05,-4.000726554230171e-05,0.0001140625855616,0.000116164919585,2.062538165538477e-05,0.3332264069344983,0.0,0.0,0.0,0.0,0.0,0.0,EXPLORE,real_media,,,,,curated_real_balanced.csv,,
1.0,0.0,0.0,0.0,0.0,0.0,0.861876368522644,0.0790625,-0.38125,0.35,1.0,0.0,0.0,0.0,0.0,0.0,0.7591124176979065,0.1061751302083333,0.371875,0.3708333333333333,1.0,0.0,0.0,0.0,0.0,0.0,0.7204738855361938,0.071875,-0.38125,-0.4375,0.0,1.0,0.0,0.0,0.0,1.0,1.0,0.0,0.0,0.0,0.0,0.0,0.0,CHECK_TABLE,real_media,mixkit_table_06.mp4,940.0,AVOID_PERSON,1.0,media_labeled_batch_A_real_corrected.csv,batch_A_real,mixed
1.0000708726639758,-1.3745075428432314e-06,-1.3929420368308554e-05,1.838603617363608e-05,7.244512127206332e-05,-2.60462266357174e-07,0.7320060383211068,0.0928817199296944,0.6719784717001721,0.4291155277410436,-0.0001416636964098,0.9999517769449876,-9.764038534382516e-05,-3.240127048974828e-06,0.00016476906938,-3.4516377231849266e-05,0.4695866034853325,0.0529683763641232,-0.3499602891619265,-0.4249988253191644,-2.3804825747888325e-05,0.0001394949482927,1.0000802755917733,1.0237678419192243e-05,-0.000154349779498,-9.1722492632646e-05,0.7565849736696258,0.0355269887648404,0.493855953076069,-0.0542290512135201,-0.0002503950763113,-0.0002495081114198,1.0000239495989172,0.0001932308303016,3.744889937069648e-05,0.9999558685938692,1.0000414391516887,0.0,0.0,0.0,0.0,0.0,0.0,CHECK_TABLE,real_media,,,,,curated_real_balanced.csv,,
3.83849467177201e-05,0.0001059416542254,1.0000781483027017,-6.0215774027897256e-05,-0.0001349767120519,-2.8332107248266067e-05,0.8439884570327273,0.0690000762729825,-0.0875462962846544,-0.1583291326598896,-0.0001220255297981,1.0000294637558982,-0.0002366451596759,4.234013824777462e-05,8.25300346952904e-05,-1.679091631134431e-06,0.5114920092136248,0.0490098365457781,-0.0905401921278859,0.0623332923200262,-5.79342405297075e-05,-2.777528310324764e-05,0.0002498302522962,9.448365841468848e-05,-0.0001766905762694,-1.0787040821974771e-05,2.542588776092345e-05,-5.008283660622518e-05,-5.886301862533442e-05,8.824419483548739e-05,0.9999064280230984,4.5669545578863024e-05,-6.167057489363451e-05,-6.068335531628917e-05,-4.551951544615868e-06,-0.000195381494134,0.6666952435546997,0.0,0.0,0.0,0.0,0.0,0.0,CHECK_TABLE,real_media,,,,,curated_real_balanced.csv,,
0.9997613680760165,-6.103883638762988e-05,-9.437241246155902e-05,9.197102514716532e-05,9.187655004070644e-05,-0.0001934353129693,0.5004602257151577,0.0468519985169714,0.206374797632572,0.2875547925406315,0.0001834244354843,0.0001680352283364,1.000001292330108,7.910692691112061e-06,-8.395483260712378e-05,1.8788996346523125e-05,0.870799328666124,0.1003420153539278,-0.4156399137628376,-0.4791916089201709,-8.99356434559282e-05,0.9999891152616188,4.214057288674443e-05,8.980242166315973e-05,-0.0002306066992887,-0.0001402320940516,0.5625610966380221,0.0581193702670372,-0.4814714914273901,0.475029127123264,3.9933325483109817e-05,5.325355508090086e-05,0.9999493592081452,-0.0001312409059725,4.8810650622777424e-05,1.0001047855193252,1.0000790423472297,0.0,0.0,0.0,0.0,0.0,0.0,CHECK_TABLE,real_media,,,,,curated_real_balanced.csv,,
0.9998731127459692,3.4741635567108327e-05,-0.0001651793432715,0.0001743756953724,7.348737656691316e-05,-7.543815529424377e-06,0.9756948447313042,0.1178047291179682,-0.0125276971072674,-0.2876576495018228,-5.002314499283347e-05,0.9999478104872508,-8.559077951376929e-05,-5.383161276926342e-05,-2.645065705484265e-05,2.325536862862176e-05,0.867651841851915,0.0195111408260046,-0.3314477502585622,-0.0375217262411168,-7.890313248841373e-05,-1.1261028394724434e-06,0.9998527608983204,-8.307407306715607e-05,-8.658559021108398e-05,3.000225893230968e-05,0.5740024370185791,0.0790438979489386,0.1655899743077966,-0.4208085119387909,0.999919899582448,-0.0001569947362251,-0.0001005777891889,-7.975752472585885e-06,2.205242027265222e-05,0.0001392318090101,0.999871998579022,0.0,0.0,0.0,0.0,0.0,0.0,AVOID_PERSON,real_media,,,,,curated_real_balanced.csv,,
0.9999878838611366,6.574345308586852e-05,-2.572190196637372e-06,9.486828925894556e-05,-0.0001474674002918,-9.210104891652151e-05,0.7694712675912143,0.0463141747043172,0.4030596722499697,-0.7040980068837033,-0.000132491953334,1.000100730385734,0.0002214806165812,-7.028051479784516e-06,3.836917104270382e-05,0.0001458195964672,0.9174996127191796,0.0331645685108071,0.2815226250149182,-0.1957536887525769,2.811638875028209e-05,6.292361626783928e-05,1.0000390785309476,2.7974823116469505e-05,-6.6149571163932775e-06,0.0001974786732421,0.5719124638497538,0.0842234417844687,-0.5875204259393849,-0.1374615553783544,0.9999851488787864,6.140644177604412e-05,-1.3313532140771046e-05,-2.8051109327239945e-05,-7.737756621199503e-05,1.147653032694723e-05,0.9999187205942668,0.0,0.0,0.0,0.0,0.0,0.0,MOVE_TO_CHAIR,real_media,,,,,curated_real_balanced.csv,,
1.0001243302235627,-0.0001809802421757,0.0001904286857139,-7.740824775523911e-05,0.0002027639059397,-0.0001313934317016,0.8290265325476263,0.7312584611690607,0.2499844278993513,0.0167550040778197,-7.396563487049031e-05,3.153126804328695e-05,3.074642153973558e-05,0.0001191266083059,0.0001366657186787,1.0001879014384625,0.3940822666609181,0.42915545550141,-0.5188068593871047,-0.1042433548486077,-0.000132116993918,-2.2628348007940303e-05,1.5640239164433198e-05,2.021704412551649e-06,5.733221219992888e-05,0.999864380403724,0.5059544341196727,0.2957533671633552,-0.2123906796322329,0.0625345247528359,-8.765148304103875e-05,-3.2586528605569306e-05,-0.0003298281365499,2.138516990368508e-05,0.9999930693940112,1.0001213014511807,0.9998244039752716,0.0,0.0,0.0,0.0,0.0,0.0,AVOID_PERSON,real_media,mixkit_table_02.mp4,48.0,AVOID_PERSON,1.0,curated_real_balanced.csv,,
1.000011036909039,0.0002294043149518,-0.0001911282585917,3.725000015631845e-05,-3.427322724796169e-05,0.0002174098825932,0.8801609443417441,0.6928946690059932,-0.1812351972983141,0.145924848180647,0.0002465359041041,1.000126690723247,-0.0001018949323317,-3.626172270731167e-05,-2.802494654236796e-05,-0.0002017738463534,0.2507563817775454,0.154808398465614,-0.6373439003822856,0.5293436991164707,0.0002393914760109,-0.0002770391614567,-0.0002831667699826,9.238357167597898e-05,-0.000140756549506,-0.0001937014379387,3.797412294791953e-06,-0.0001302499164632,3.18384172224336e-05,7.088677928803292e-05,-5.188971561237486e-07,-5.4996205177363096e-05,4.604674212688799e-05,0.9999692177055676,0.0001032709549919,0.999912929950341,0.6663756799199615,0.0,0.0,0.0,0.0,0.0,0.0,AVOID_PERSON,real_media,,,,,curated_real_balanced.csv,,
1.0000481041870113,-5.393223730513e-05,-8.25268518111454e-05,-6.472650838300835e-06,-5.0110619505300174e-05,3.648143121740445e-06,0.9768552837387228,0.120922974921149,-0.2718478664521701,-0.0751409401930747,0.000145653489296,0.999916776632893,-3.379320040956096e-05,0.0001150764840706,-7.938040234072671e-05,0.0002061649682512,0.7697218430483231,0.0442326189629808,-0.5624776325854585,-0.3084768894470764,8.112974475025139e-06,-8.426197969229673e-05,0.9999699108577886,2.892591007683865e-05,9.97239808964438e-06,-2.535989234406218e-05,0.53638058343376,0.0384389931256739,-6.847458833924131e-05,0.0209512757063584,-0.000106416232905,1.000027502706112,3.320383722009639e-05,-0.0001776674797481,3.189916840483483e-05,1.00011340068199,0.9999780261317904,0.0,0.0,0.0,0.0,0.0,0.0,AVOID_PERSON,real_media,,,,,curated_real_balanced.csv,,
-0.0002722674267838,-3.781336097998146e-05,-0.0001504568363539,0.9998872421155685,0.000105046784888,0.0001209746950919,0.6480309184846347,0.0175774208401774,-0.2280231004276899,0.650010807376549,3.7162127939392907e-05,-2.646573506525504e-05,-0.0002063858556407,0.999731891284332,0.0003071034415459,-0.0001302912415871,0.4042776993931081,0.0331332623744134,-0.4218333008083479,0.2665871155495159,-1.9135487673026574e-05,5.625218526487475e-06,-0.0001013776813863,-8.538114199387593e-05,0.0001853968440021,-0.0001742082977284,0.0003243461192395,-5.321685159721989e-05,0.0001612604416308,9.79872865607655e-05,9.544155796922405e-06,-6.167329725819318e-05,0.0001366934874326,1.0001991083473962,0.0002193958877364,0.9999855792750698,0.6668216264718618,0.0,0.0,0.0,0.0,0.0,0.0,EXPLORE,real_media,,,,,curated_real_balanced.csv,,
-2.7140493209497075e-05,-0.0001077449187641,0.9999896783084964,1.7089810870833104e-05,4.04038014751571e-05,0.0001204374431592,0.9037713401439368,0.0932530944296172,-0.4282911199663584,-0.1081742536214377,0.0002115401051142,0.9999876037225146,-7.322134279236538e-05,0.0001528276065059,9.625762347142158e-05,-0.0001151012714141,0.4948405931504797,0.0578188223366852,-0.2906098002178999,-0.0125105946944291,1.0001196996508344,7.573245305694297e-05,-0.0001368457654639,-5.451248015051648e-05,-0.0001183566621643,8.562130393650483e-06,0.356074640514008,0.0398512743405083,0.3813486742572361,-0.0292443901691195,0.0001834702478841,0.9999129240259228,0.0001004618032265,-6.029207658798824e-05,-1.77658095452248e-05,0.9998308498339992,1.0000493770292875,0.0,0.0,0.0,0.0,0.0,0.0,CHECK_TABLE,real_media,,,,,curated_real_balanced.csv,,
1.5798542592010933e-05,0.9998924946898636,3.796660642646243e-05,4.155494053196417e-05,-8.70435741578577e-05,1.0988759385202458e-05,0.9748567997149148,0.0609931934978446,0.0811127146114412,0.1625259982576016,0.9998571651774022,0.0001318248696251,-0.0001613024452551,-3.524572500157099e-05,-8.321768465355466e-05,-3.528894545773641e-05,0.7298184972347626,0.0430718674570401,0.5032533299562781,-0.0291061954849599,-6.731020852087005e-05,-0.0001304061203196,1.0001208304582003,0.0002101418001792,-0.0002750606815682,-8.145499455668374e-05,0.4168447641663384,0.0453368279413952,-0.7656373819154271,0.1998528025234086,8.126865415482515e-05,-3.1130350136100515e-05,0.000198368970761,2.9861762328992475e-06,1.0000027714609074,1.0000476165269363,1.0000453670348124,0.0,0.0,0.0,0.0,0.0,0.0,MOVE_TO_CHAIR,real_media,,,,,curated_real_balanced.csv,,
-2.6467602569111777e-05,0.0001431809743472,6.303227898376047e-05,4.390151871742386e-05,-3.530546931507637e-05,-3.729770409185311e-05,-3.3750008125624584e-05,4.52475233853181e-05,-5.210853485816718e-05,3.1880953823328933e-06,-3.068315236175568e-05,-4.013409248615888e-05,7.762426848056432e-06,-2.5419856366890705e-05,-0.0001093031058652,-6.30495782737253e-05,-2.147677918706644e-05,0.0001136450967673,-0.0001415457709642,-3.562008283342841e-05,1.690471543519836e-05,2.1173722157730105e-05,-4.469101884944051e-05,-0.000124570650212,1.1381347688253756e-05,-5.989516404381919e-05,-2.1270879049867336e-05,0.0001459853048959,-8.614424157812894e-05,-9.773327880397786e-05,1.000051581792738,5.2044691905482166e-05,-8.454649732548209e-05,4.417910314252901e-05,9.478682555967722e-05,0.0001094002733955,2.5686811565316755e-05,0.0,0.0,0.0,0.0,0.0,0.0,EXPLORE,real_media,,,,,curated_real_balanced.csv,,
-0.0001636586139236,1.0000618373912196,-3.860225679709433e-05,-5.586749358246363e-06,0.0001193758444853,0.0002880519186908,0.6853618197092661,0.0428092226430254,-0.1376570131961736,-0.2250458775172248,1.0000284411525513,-4.955606078812752e-05,-7.526860455946295e-05,-4.3377051465527405e-05,0.0001146945987276,-5.696991013243912e-05,0.4656322837894733,0.0458218349249278,0.3967681288528338,0.3790346021293741,5.572083616056365e-05,-0.0001330138298154,0.9999415246768372,-6.3704187624776725e-06,-1.951200611624024e-05,-5.154144366294613e-05,0.8117176454544743,0.0653622081192142,0.3689076442154131,0.5541019652354089,6.509143136533553e-05,-0.0002128470673744,0.9999302171421864,5.780533407941483e-05,-0.000121907318685,1.00017748782724,1.0000273375811857,0.0,0.0,0.0,0.0,0.0,0.0,CHECK_TABLE,real_media,,,,,curated_real_balanced.csv,,
1.0,0.0,0.0,0.0,0.0,0.0,0.6439415812492371,0.0248111979166666,0.640625,0.6333333333333333,1.0,0.0,0.0,0.0,0.0,0.0,0.6201586127281189,0.0236328125,-0.1875,0.7,0.0,1.0,0.0,0.0,0.0,0.0,0.695492684841156,0.0153385416666666,-0.1875,0.8375,0.0,0.0,1.0,0.0,0.0,1.0,1.0,0.0,0.0,0.0,0.0,0.0,0.0,EXPLORE,real_media,mixkit_table_07.mp4,150.0,MOVE_TO_CHAIR,1.0,media_labeled_batch_A_real_corrected.csv,batch_A_real,mixed
1.0,0.0,0.0,0.0,0.0,0.0,0.6323593854904175,0.0176822916666666,-0.178125,0.5791666666666667,1.0,0.0,0.0,0.0,0.0,0.0,0.6133149266242981,0.025146484375,0.640625,0.6375,1.0,0.0,0.0,0.0,0.0,0.0,0.6018251776695251,0.0151171875,-0.51875,-0.2,0.0,0.0,1.0,0.0,0.0,1.0,1.0,0.0,0.0,0.0,0.0,0.0,0.0,MOVE_TO_CHAIR,real_media,mixkit_table_07.mp4,145.0,MOVE_TO_CHAIR,1.0,media_labeled_stage2_curated_train_20260506.csv,batch_stage2_train_20260506,occlusion
2.8021675328406395e-05,0.9999410736095892,-6.77948603085762e-05,3.3607176376248525e-05,-0.0001833686383339,4.618729848897674e-05,0.7885923844325996,0.0355135711509062,-0.40940452421318,-0.3790929155507567,0.9997439235384976,2.374729758431937e-05,7.352487234737558e-06,-0.0001616940148499,-1.879095140602057e-05,-8.67749274613014e-05,0.4997774246452671,0.0462678125272108,0.6216991331399226,-0.0793235242720211,0.0001299408687692,-0.0002048237382575,0.9999426054005734,0.0001330714992993,1.4294612996880412e-06,5.385085145466008e-06,0.4523560343172249,0.0620477754597981,-0.3374010659338586,0.1707404202831325,-8.979485153448216e-05,9.129507464799336e-07,0.0002365927591375,0.9999029163368393,-1.1392578785889654e-05,1.0000316437582064,1.0000101171502431,0.0,0.0,0.0,0.0,0.0,0.0,MOVE_TO_CHAIR,real_media,,,,,curated_real_balanced.csv,,
1.6673537222947444e-05,0.9999513143457476,-1.835079021210395e-05,-0.0001056977860293,8.662419617279273e-05,4.313665737177944e-05,0.7650808487657206,0.0345028477703494,-0.5031921465387876,0.3456010344743834,-2.916900280586758e-05,0.000205132834295,1.00007083212531,-2.3840733590233e-05,-6.0518150306635125e-05,4.87196346870692e-05,0.8099701956376283,0.0715336757523519,-0.2250152574578104,0.37080005562694,-0.0002061825731945,-8.314664827695093e-05,4.930028983307663e-05,0.0001799249425259,-4.8593289176091405e-05,-2.048539309450861e-05,7.280103402698727e-05,6.361501778937534e-05,6.88599253904026e-05,1.3780883407300484e-05,6.640428765171426e-06,1.000152372911345,0.0001984010207649,2.160550820265556e-05,-5.153651784365258e-05,1.000181855590628,0.6667581861585,0.0,0.0,0.0,0.0,0.0,0.0,CHECK_TABLE,real_media,,,,,curated_real_balanced.csv,,
1.0002496943664856,0.0001576568154393,0.000167484370883,2.5140320831656672e-05,4.012447412555878e-05,0.0001579429317935,0.7957841011978591,0.1105545257311938,-0.4658206451792122,0.0331756985000203,-3.218112221527367e-05,1.000096936157011,-0.0001272483682601,7.127474219746307e-05,5.142863201710995e-05,-9.191010663328238e-05,0.2947957242824385,0.07762706778238,0.6470584165700011,0.0750580098127538,8.771758952864042e-05,-0.0001949454018827,-4.020505991737264e-06,-6.070606111849876e-05,2.353718560965811e-05,1.000086664928793,0.5675002802719186,0.0369294148153723,-0.1969769313664407,-0.0460335474976019,1.0000913534191866,0.0001574816432649,0.0001354478123688,-5.499082939385079e-05,5.174879744378662e-05,-0.000141129392643,1.000014090739922,0.0,0.0,0.0,0.0,0.0,0.0,AVOID_PERSON,real_media,mixkit_table_01.mp4,336.0,AVOID_PERSON,1.0,curated_real_balanced.csv,,
9.625544069119247e-05,-7.476471169654904e-05,0.9999906713209066,0.0001602045394141,4.966625717829534e-05,-0.0001288386684472,0.8881614446450563,0.1012880353748166,0.4718909725792221,0.3333451397711648,0.0001594228529551,1.0000548304130537,2.802620486214213e-05,0.0001837367367178,-3.184630835708538e-06,3.519130339414389e-05,0.4675700506873196,0.0365064961159496,-0.6688511704875362,-0.0499166722655449,-0.000187751544293,-0.000103044015359,8.948837163625968e-05,6.388194435279699e-05,-9.20874436121782e-05,-4.087845470395139e-05,0.0001109669285694,-0.0001612985024353,2.782695734528792e-07,-4.090107908292295e-05,-2.080601434262312e-05,0.9999474696807604,4.6438313730454144e-05,-1.4843800207265232e-05,2.0063849934761533e-06,1.0000964547981182,0.6666865879281371,0.0,0.0,0.0,0.0,0.0,0.0,CHECK_TABLE,real_media,,,,,curated_real_balanced.csv,,
0.9999606320390976,-4.200404356099418e-07,3.746241036206621e-05,3.172461774069517e-05,9.621835037054748e-05,-0.0001538088511688,0.8110497916046712,0.1082692856772089,0.3751079496609605,0.3708046793089894,0.999979426619618,0.0001035539313666,0.0002368833641608,0.0001326638062971,-0.0002768496312696,-0.0002117972299968,0.7548573576260932,0.0718341474777905,-0.4096794834715217,0.3415508509669527,1.0000721656078262,0.0001380305323139,-5.478337240178819e-05,2.4624542539117168e-05,-5.618811547806051e-05,-1.0060200164911385e-06,0.6490108125773378,0.0751743266164702,-0.3843983373352213,-0.4124666244794638,0.9999032000522612,-3.2802734843597062e-06,0.00011152390949,0.0001851343169306,4.756433840750756e-05,-3.2663903811238086e-05,0.9999426856740722,0.0,0.0,0.0,0.0,0.0,0.0,CHECK_TABLE,real_media,mixkit_table_06.mp4,804.0,CHECK_TABLE,1.0,curated_real_balanced.csv,,
1.7371623030769167e-06,4.806737742865256e-05,-4.4117420464989694e-05,-0.0002311534505282,-6.279538492955568e-05,1.000058510862259,0.7422422782751358,0.0335951531048406,0.4124620792026033,0.7831938656967067,-0.0001020345585652,-3.429735233883566e-05,1.0783141217050569e-05,-7.75365880184942e-05,-0.0001548629624385,-0.0001200337843883,-0.0001844324527654,-8.687224193823613e-05,0.0001017236260365,-0.0001949282778749,1.2335799134913695e-05,0.0001988485469792,0.0001204414702748,9.91669020028882e-05,-7.266611698122683e-05,-9.391432194578654e-05,0.0001358471038209,5.673414698815905e-05,6.90671659617376e-05,-2.6759712399971102e-05,2.333253670308909e-05,1.0002568984896505,-5.683987513893751e-05,0.0001074659082922,-0.0001645754376955,0.9997178401705876,0.333095684257407,0.0,0.0,0.0,0.0,0.0,0.0,EXPLORE,real_media,,,,,curated_real_balanced.csv,,
0.9999238061696796,-4.336883476867533e-05,-0.0001397124835295,-7.575326788690923e-05,-1.6036805358625438e-05,-2.939606028928908e-05,0.7846507595238457,0.0540675608658999,0.224894878546187,-0.0710201909289329,8.567757947186437e-05,5.657085375982327e-05,1.0000346031351244,4.155069894960186e-05,-3.668418916184039e-05,-9.249773308896424e-06,0.8191291474088568,0.0534145870793779,0.1908208992622041,0.1666944960351719,-9.310923404744996e-05,1.0000049740749457,0.0001041522168319,-0.0002560890131591,0.0001708857776182,-4.019117539454002e-05,0.4788762703863746,0.0395289059706295,-0.4217028898835477,0.0458791916583485,0.999958374448355,-7.98029141696712e-06,-6.286408864501436e-05,-6.764120496241649e-05,-9.893094048793987e-06,-0.0001720177000444,0.9999319759865029,0.0,0.0,0.0,0.0,0.0,0.0,CHECK_TABLE,real_media,,,,,curated_real_balanced.csv,,
1.0001029911176311,3.1905807680224846e-05,-0.0001779907790852,-7.535508617689625e-05,-2.1106784828821985e-05,9.970243648620124e-05,0.8879207853640537,0.1100079898070316,0.4156473498764859,0.3582858338505947,1.000042548395294,5.582929297937226e-05,-8.251614271493683e-05,1.2920012555058525e-05,0.0001967714870903,0.0001033829263704,0.8307837679452941,0.0675789981025613,-0.4750497493743675,0.3499170908938634,0.999944702574148,0.0002612766699428,-0.0001278791899827,-0.000129317715392,-0.0001756063642193,-4.554775649371748e-07,0.560022388760677,0.0668158037398672,-0.3874646465753935,-0.4541625267321957,-0.0001202122461202,-2.26418177985934e-05,1.0001351382066768,-7.427869547656742e-05,7.896976860444387e-05,0.999969473218552,1.0000734368428323,0.0,0.0,0.0,0.0,0.0,0.0,AVOID_PERSON,real_media,,,,,curated_real_balanced.csv,,
1.0,0.0,0.0,0.0,0.0,0.0,0.7634224891662598,0.1347819010416666,0.221875,-0.65,0.0,0.0,0.0,0.0,0.0,1.0,0.5177692770957947,0.683935546875,-0.05,0.2625,0.0,1.0,0.0,0.0,0.0,0.0,0.2677243947982788,0.00962890625,-0.128125,-0.6916666666666667,0.0,1.0,0.0,0.0,0.0,1.0,1.0,0.0,0.0,0.0,0.0,0.0,0.0,AVOID_PERSON,real_media,mixkit_table_05.mp4,200.0,AVOID_PERSON,1.0,media_labeled_batch_A_real_corrected.csv,batch_A_real,mixed
0.9998833024676884,-0.0001924329652668,4.837422150394736e-06,5.78750593411387e-05,-0.0001351563903121,0.0001100861729278,0.7883697684961322,0.0830593565394125,0.1220061614212465,0.3292429482245708,0.0002336193240782,0.999992201749208,-2.039775343722757e-05,-6.025281997504962e-05,0.0001452748365245,6.856084753682748e-05,0.9517719269429018,0.0685572347726278,0.1406668735464006,-0.0334962790233616,0.0001428592553327,-4.772125394040447e-05,0.9998836275905596,7.166196810967258e-05,7.887505149340988e-05,7.697440169187223e-05,0.6367167550050933,0.052585088303801,-0.8436724900804753,0.4041110896508055,-5.561872141986867e-05,0.0001392691059739,-5.533175180649135e-05,0.999931184372518,-5.860654089829169e-05,0.9999825657200312,1.000116162260509,0.0,0.0,0.0,0.0,0.0,0.0,MOVE_TO_CHAIR,real_media,,,,,curated_real_balanced.csv,,
0.9999013101348084,-1.8307049553782745e-05,-7.580191119376577e-05,-4.058509197500508e-05,-9.94806683648761e-05,-3.74459033771729e-05,0.843096202028979,0.111655724698186,0.0938334605447235,-0.1416914206359464,0.0001101104825138,1.000019174156378,-8.341968992635439e-05,0.0001259092840779,1.881423362211416e-05,0.0001450765352778,0.5248113473594767,0.0328272149540539,-0.4718098593179171,0.4957659150064303,-5.704455960212849e-05,-8.275310762444252e-05,0.0001823273612162,0.000151634660377,0.0001488094337381,-0.0001266660093244,6.129223067039905e-05,-3.481066697135177e-05,-6.234022785393996e-05,-1.1467528840698736e-05,1.0000236366748996,1.3192454009836524e-05,-0.0001025566939971,-2.9727330117813705e-05,7.504581581949839e-05,0.0001527195654082,0.666721663112003,0.0,0.0,0.0,0.0,0.0,0.0,AVOID_PERSON,real_media,,,,,curated_real_balanced.csv,,
9.237956803849464e-05,-4.4392024420281584e-05,-3.864607692552109e-05,-1.932941996030809e-05,-2.5897958892989e-05,0.9998865144912432,0.5210790906230678,0.0245700738776225,-0.0375411035142209,-0.7831392106146543,-8.777190384648042e-05,9.63851879177016e-05,-2.09769841375774e-05,-4.051073768078988e-05,3.7997761399688526e-05,1.3551123749574476e-05,-6.296258598013881e-05,-8.860562298365572e-05,0.0001178643444149,-5.908743722590194e-05,-0.0001752050510185,-3.40178092826358e-05,0.0001797613830786,-0.0001186611277956,-0.0001079861274441,4.8408722106371295e-05,-4.933406217036818e-05,-0.0001078423429856,-6.503343475361666e-05,8.404980216534255e-05,-8.269975485076369e-06,0.999991965745182,4.829618766024277e-05,-0.0001358760175862,-0.0001069241599844,0.9999600312805051,0.3333443143208897,0.0,0.0,0.0,0.0,0.0,0.0,EXPLORE,real_media,,,,,curated_real_balanced.csv,,
1.0,0.0,0.0,0.0,0.0,0.0,0.8778666853904724,0.10474609375,0.38125,0.3791666666666666,1.0,0.0,0.0,0.0,0.0,0.0,0.8077244758605957,0.075390625,-0.396875,0.325,1.0,0.0,0.0,0.0,0.0,0.0,0.7150744199752808,0.076953125,-0.384375,-0.4166666666666667,0.0,0.0,0.0,0.0,1.0,1.0,1.0,0.0,0.0,0.0,0.0,0.0,0.0,CHECK_TABLE,real_media,mixkit_table_06.mp4,690.0,AVOID_PERSON,1.0,media_labeled_batch_A_real_corrected.csv,batch_A_real,mixed
-1.520146821877153e-05,4.2587674255715975e-05,9.42209220685846e-05,4.518419468826344e-05,9.882700953319248e-05,-0.0001589773621474,0.0001177789108265,-0.0001030043631572,-5.160644586045713e-05,-2.4530060527996024e-05,2.7415706379819645e-05,-0.0001393739543952,9.633405586464382e-05,3.730018935991e-05,-4.72022903839205e-05,6.158979224136684e-05,-7.308527730772463e-06,3.1958480127276035e-06,6.69395020210176e-05,1.1923191075738705e-06,-2.410790832068683e-05,3.159872201411098e-05,1.2532682537855291e-05,5.477379468075011e-05,5.226075149796349e-05,-0.0002209059997758,-0.0001784755696707,1.5514433940432897e-06,7.579214727812539e-05,3.613361539708859e-05,3.159694130716047e-05,-6.846044525281043e-05,1.4259110616197976e-05,-0.0001329685455294,1.0000489565761983,0.9998835486693382,-2.84674341861035e-06,0.0,0.0,0.0,0.0,0.0,0.0,EXPLORE,real_media,,,,,curated_real_balanced.csv,,
0.9998833913022008,-1.0457310141732605e-05,0.0001046016951008,3.202624036266549e-06,-0.0002851369297726,-0.0002251263407043,0.989709360524221,0.0844301991659298,-0.0374800914738836,0.0291807939790678,-0.000131596718357,1.0000146431651469,-0.0002275172311782,3.418321832868489e-05,0.0001179240371618,-8.175873269996746e-05,0.6697784571605688,0.0397880365034961,-0.8062352625246747,0.283319739718008,9.386752148890618e-06,0.0001526953735134,8.812159680588114e-05,-6.777214471458358e-05,-0.0002764962226355,8.948033777302304e-05,7.639095274379486e-05,1.6551152771457466e-05,-5.58190768975756e-05,0.0001598407839323,-0.0001787211865114,-7.843783419660694e-05,0.9998533654713514,3.713070933181689e-05,-4.665425184015298e-05,1.0002111190379708,0.6666684473098998,0.0,0.0,0.0,0.0,0.0,0.0,AVOID_PERSON,real_media,,,,,curated_real_balanced.csv,,
-0.000147359313974,1.0000560830806429,-0.000135905606645,-0.0001251935260243,0.0001548922338617,-0.0002094347151996,0.6428110198499093,0.0291313994492101,-0.7030935193525146,0.5623625453486459,4.776579404494499e-05,2.2070554401163385e-05,1.0001505608249888,1.865268731588489e-05,-0.0001347280597085,0.000269534522587,0.8993131097399648,0.0648424841188777,-0.5312053477665122,-0.1041175869544439,4.800606262672766e-05,-6.014263023057704e-05,1.890045052631753e-05,-8.876656929919592e-05,-6.0425023032407726e-05,-4.7000383360835925e-05,-0.0001347328851086,-1.6848153376873575e-05,-0.0002081859636059,-0.0001183671839438,0.0001307102945662,1.00008711635811,-6.424300550348662e-05,6.419989151792006e-05,2.4885660075985352e-05,0.9999304380378088,0.6668174324360416,0.0,0.0,0.0,0.0,0.0,0.0,CHECK_TABLE,real_media,,,,,curated_real_balanced.csv,,
1.0,0.0,0.0,0.0,0.0,0.0,0.6677216291427612,0.0255208333333333,0.290625,0.7916666666666666,1.0,0.0,0.0,0.0,0.0,0.0,0.6633094549179077,0.02671875,0.640625,0.65,1.0,0.0,0.0,0.0,0.0,0.0,0.6435953378677368,0.0043294270833333,0.15625,0.0416666666666666,0.0,0.0,1.0,0.0,0.0,1.0,1.0,0.0,0.0,0.0,0.0,0.0,0.0,EXPLORE,real_media,mixkit_table_07.mp4,140.0,MOVE_TO_CHAIR,1.0,media_labeled_batch_A_real_corrected.csv,batch_A_real,mixed
1.0,0.0,0.0,0.0,0.0,0.0,0.8692173361778259,0.0853515625,-0.3625,0.3333333333333333,1.0,0.0,0.0,0.0,0.0,0.0,0.7559387683868408,0.11466796875,0.390625,0.3333333333333333,1.0,0.0,0.0,0.0,0.0,0.0,0.6910009384155273,0.0777018229166666,0.375,0.4375,1.0,0.0,0.0,0.0,0.0,0.0,1.0,0.0,0.0,0.0,0.0,0.0,0.0,MOVE_TO_CHAIR,real_media,mixkit_table_06.mp4,300.0,AVOID_PERSON,1.0,media_labeled_batch_A_real_corrected.csv,batch_A_real,mixed
1.0,0.0,0.0,0.0,0.0,0.0,0.8543444275856018,0.09,-0.353125,0.3333333333333333,1.0,0.0,0.0,0.0,0.0,0.0,0.7004488110542297,0.10705078125,0.396875,0.3458333333333333,1.0,0.0,0.0,0.0,0.0,0.0,0.6289880275726318,0.0795703125,-0.428125,-0.4625,0.0,1.0,0.0,0.0,0.0,1.0,1.0,0.0,0.0,0.0,0.0,0.0,0.0,MOVE_TO_CHAIR,real_media,mixkit_table_06.mp4,270.0,AVOID_PERSON,1.0,media_labeled_batch_A_real_corrected.csv,batch_A_real,mixed
1.000132742115701,-0.0002462182796154,-0.0001095177007258,3.53945333897828e-05,3.6206956895216735e-05,-2.488571770155296e-05,0.7779322636714439,0.0856596304761663,0.5311049562496617,-0.2000773023349374,-0.0001928936565014,0.9998397035701424,-6.523649739293528e-07,9.49328828724554e-05,-6.817030681532446e-05,-3.928181250861771e-05,0.7791163772981509,0.036451801563142,-0.2532336365454097,0.0375018486571643,-3.2457848127070755e-05,3.75943104443475e-05,0.9999603355193284,0.000141336111138,1.1617156675754348e-05,0.0001135304035776,0.7306651825720827,0.0579615644074724,-0.0436835691620977,0.4042085786794542,0.9999522630862208,-0.0001317447023871,-0.0001558254670413,-5.573628870021341e-05,-5.914292808819094e-05,-1.6196988194824088e-05,0.9999846317622804,0.0,0.0,0.0,0.0,0.0,0.0,MOVE_TO_CHAIR,real_media,,,,,curated_real_balanced.csv,,
1.0,0.0,0.0,0.0,0.0,0.0,0.7527152895927429,0.0318815104166666,0.0625,0.5708333333333333,1.0,0.0,0.0,0.0,0.0,0.0,0.55898517370224,0.0043359375,0.165625,0.0375,1.0,0.0,0.0,0.0,0.0,0.0,0.5204472541809082,0.0280403645833333,-0.2,0.6875,1.0,0.0,0.0,0.0,0.0,0.0,1.0,0.0,0.0,0.0,0.0,0.0,0.0,AVOID_PERSON,real_media,mixkit_table_07.mp4,190.0,AVOID_PERSON,1.0,media_labeled_stage2_curated_train_20260506.csv,batch_stage2_train_20260506,occlusion
8.556183588051853e-05,1.0001109168537508,2.938555123169087e-05,9.16969167094509e-06,-4.363383037100588e-05,-7.158055347144724e-05,0.8930548147899495,0.0614984198149402,-0.3623030856716431,-0.066587807981902,1.0000516485605349,-0.0001325605326054,1.2185575480162958e-05,4.521695728827362e-05,6.639587946413187e-06,-2.6488410542780213e-05,0.5391027168244372,0.0288591657554529,0.6406217779169014,-0.1084379405518244,1.8300566584487925e-05,1.7051499273800058e-05,3.2717580625858054e-05,2.6059059889840905e-05,7.962649359553119e-05,-1.886067808786156e-05,7.636593454385554e-05,2.016976201464529e-05,5.5914604950828366e-06,-6.475823483365164e-05,8.29994753721516e-05,-4.487387496528222e-05,9.879465844918832e-05,1.8578574416620896e-06,1.0000710726855522,1.000088720999875,0.6668126384502518,0.0,0.0,0.0,0.0,0.0,0.0,MOVE_TO_CHAIR,real_media,,,,,curated_real_balanced.csv,,
0.9999514915164386,0.0001852609581662,9.11261766559212e-05,-2.140731808407175e-05,-0.0001311729390368,-0.0001936239016573,0.9309761821577288,0.0766611753141139,0.059346723809837,-0.1249609487368589,-0.0001066378257939,0.0001155734940907,0.99991185947181,-9.52586561467806e-05,0.000128743317923,-7.99952655819374e-05,0.6878849918366626,0.0468341426496571,0.490648014622444,0.5251214629727373,-0.000105472258503,-5.905531304270473e-06,8.343282355817956e-05,3.426124206866403e-05,1.283367067331256e-05,-3.367444412510734e-05,-2.382896897963913e-05,-4.3194033633824174e-05,6.756525521138276e-05,-0.000111532844088,-4.1675526541816175e-06,4.247846429966421e-05,0.9999796236469,7.07414000544023e-05,-6.404558715191947e-05,1.0000916259113168,0.6668040250504415,0.0,0.0,0.0,0.0,0.0,0.0,AVOID_PERSON,real_media,,,,,curated_real_balanced.csv,,
1.0001437526849308,-5.234770758253735e-07,8.098749919493864e-05,9.641776631296416e-05,-3.276288731737484e-05,-2.67765088482963e-05,0.9272578446949296,0.0662588408355003,0.043654804149288,-0.5208589115754771,7.506450737907796e-05,1.000153781314172,-2.430750778587117e-05,-7.217609242811091e-05,-4.986221134423215e-05,-4.117949562220756e-05,0.6356080928853236,0.0244776337105109,-0.8749206618622257,0.1122883018506909,-0.0001649725539113,-6.063742277970336e-05,1.0000592824926675,-7.76725360500658e-05,3.644765698046888e-05,6.422683135940854e-06,0.66103368785285,0.086451857176773,-0.2375155864699576,-0.0458261938271445,-0.0001420775768008,-1.13684895687312e-05,1.0000880010297206,-2.415577436643902e-05,-8.742665933771924e-05,0.9999945331708358,0.9999971557693228,0.0,0.0,0.0,0.0,0.0,0.0,AVOID_PERSON,real_media,,,,,curated_real_balanced.csv,,
1.0,0.0,0.0,0.0,0.0,0.0,0.845998227596283,0.0934375,0.4,0.3791666666666666,1.0,0.0,0.0,0.0,0.0,0.0,0.7473817467689514,0.072998046875,-0.409375,0.3333333333333333,1.0,0.0,0.0,0.0,0.0,0.0,0.5853762030601501,0.074609375,-0.384375,-0.425,1.0,0.0,0.0,0.0,0.0,0.0,1.0,0.0,0.0,0.0,0.0,0.0,0.0,AVOID_PERSON,real_media,mixkit_table_06.mp4,725.0,AVOID_PERSON,1.0,media_labeled_stage2_curated_train_20260506.csv,batch_stage2_train_20260506,occlusion
2.8403005515727715e-05,0.999960279225428,-0.000121147258396,7.764610593892138e-05,0.0001006855327482,-0.0001170354621975,0.6095039506573531,0.0250588101711224,-0.0905479816062736,0.4792736046715793,-4.4575707801112174e-05,1.1546682285705507e-05,0.9999091168141558,5.406811900057611e-06,-0.0001796286951139,-5.569602972542087e-05,0.739016481870587,0.0227917497872811,0.3813101144506898,-0.8249048103663473,9.091175592791752e-05,-0.0001076685000728,2.0277284925356616e-05,-5.481306919937219e-05,-0.0001083276105426,8.548053693911177e-05,9.837201128649524e-05,2.576625960476972e-05,-0.0001510788042089,0.0001947204220935,0.999986337773134,-4.333845658290335e-06,-0.0001217288635542,-6.452039023726973e-05,4.791404964480625e-05,1.206955566211472e-05,0.6667527899048395,0.0,0.0,0.0,0.0,0.0,0.0,EXPLORE,real_media,,,,,curated_real_balanced.csv,,
0.0001396022440714,-8.09775627344108e-05,0.9998530014691352,-1.956683313477259e-06,7.5409075730644e-05,-0.0001143983697724,0.907944770574966,0.0763209904723337,0.3094461783575614,0.608368204557374,-0.000112614830621,1.0001452705206448,0.0001411560523766,0.0001047704490853,-8.877491370069791e-05,1.5993632201849554e-05,0.5934130758941047,0.0501725574232504,-0.596792362889553,-0.1039823059980758,-1.5965672996423727e-05,1.0801278903257864e-05,1.201205773380866e-05,8.104729106392245e-05,-3.277389138273939e-05,7.693225650080867e-05,-9.800039349584872e-05,-5.36520443353542e-05,0.0001171620334397,-5.809351447107227e-07,-4.281825955214293e-05,1.00004222968011,-9.292181776694436e-05,-0.0001599699582385,8.221005253715341e-05,1.0000497500246368,0.6669050906178592,0.0,0.0,0.0,0.0,0.0,0.0,CHECK_TABLE,real_media,,,,,curated_real_balanced.csv,,
7.791534533765698e-05,0.0001633882187098,1.000010216492313,4.352366474732239e-05,3.564907652093616e-05,-3.037166679758817e-05,0.8722847027408832,0.0703518267783052,-0.2813187592616688,0.4917300039801221,0.0001193709623541,2.1620942699398923e-05,-0.0001150676092542,2.6116855878416708e-05,-1.0371561624978257e-05,0.0001222662677875,0.0001690551288155,-6.336365501089995e-05,-3.098299624445976e-05,1.926507598010761e-05,-0.0002066023234334,-0.0001098131622569,4.4343988747333634e-05,-9.414645168378308e-05,5.728534198060104e-05,7.78406186079988e-05,-7.827358931204658e-05,0.0002734600162766,-6.570994463396284e-05,1.8666389279425484e-05,-0.0001076972298136,-0.0001121194052489,1.000241816714276,9.831813493008402e-05,4.000397261899477e-05,1.0001571746512714,0.3334074464400413,0.0,0.0,0.0,0.0,0.0,0.0,CHECK_TABLE,real_media,,,,,curated_real_balanced.csv,,
0.9999965864910696,-7.563714980609496e-05,6.031007729216375e-05,-6.690289337991294e-05,0.0001664074838483,0.0001623957774519,0.5172012362279391,0.078224006558378,0.6123927707793814,-0.3208348102638954,3.190480173382749e-05,0.9999408075609744,7.360026453882077e-05,1.4499616767951088e-05,-1.763635570078182e-05,7.762910194443098e-05,0.6446856927365506,0.0703551317698871,-0.1625064068071632,0.504205990488276,6.6495033572343366e-06,-0.0001339280729488,1.0000412334523563,-0.0001757813669733,-6.977435191462526e-05,4.405773798425248e-05,0.8703591998572081,0.0670181013052182,0.3001260412764236,0.0625238112414281,-1.3399046791053449e-05,-2.6805524019557145e-05,1.0001065191387055,0.0001662317497178,2.9097157611112024e-05,0.9998649642869906,1.000016504114187,0.0,0.0,0.0,0.0,0.0,0.0,CHECK_TABLE,real_media,,,,,curated_real_balanced.csv,,
1.0001603047788297,0.0001668188067256,6.729854912972213e-05,-0.0003776160966403,5.668253488675237e-05,-0.0001144836916528,0.6049005211830014,0.0549885592621805,0.3718706702109587,0.7624223060740245,3.7008617445629946e-05,4.426127963104091e-05,1.0000529398643894,4.2815002354041816e-05,-5.818644731489532e-05,0.0001594187201989,0.768478862931026,0.0517460729093347,-0.0842786876554629,0.2417037000423174,-1.6816875112680532e-05,-4.339480880831205e-05,8.764692080433838e-05,-2.0644841157688364e-05,-0.0001234930513497,-3.428413809365316e-05,0.0001474627622763,5.635745987257964e-05,-9.863412612254892e-05,-1.290743521697286e-05,0.0002256715367378,-5.8412181063262496e-05,0.9999548111744117,0.0001162405630032,3.4561502718018537e-05,1.0001928862101146,0.6665778780012881,0.0,0.0,0.0,0.0,0.0,0.0,CHECK_TABLE,real_media,,,,,curated_real_balanced.csv,,
-6.957298432113951e-05,6.079289373827534e-05,6.323186819199042e-05,-7.51159424361713e-05,6.662824981861747e-05,5.1717051302479246e-05,1.3297013412750302e-05,-9.333698277193152e-05,-4.481771897763608e-05,-1.9991297151666136e-05,-4.744115276502914e-05,-9.121058291053858e-05,9.116773999934948e-05,5.264193802080486e-05,0.0001120851446023,-2.0954706676199992e-05,6.994112832563861e-05,-4.771699368259642e-05,-5.116392036304618e-06,1.1109909129552556e-05,-8.443613087812045e-05,0.0001523220585531,6.124519629872796e-05,-0.0003074238238835,-5.723854776581966e-05,4.462960098032989e-05,-8.991438034840266e-05,4.0135183151848486e-05,4.111607104894372e-05,0.0001334326385106,2.264536072684145e-05,-1.6812189964629694e-05,9.130284199322674e-06,-0.0001872229337841,0.99998360842507,1.0002459016511644,4.178988739356004e-05,0.0,0.0,0.0,0.0,0.0,0.0,EXPLORE,real_media,,,,,curated_real_balanced.csv,,
0.0001328550833953,0.9997436786508932,0.0002677307013667,2.761326147281857e-05,0.0001237306232007,3.740953386423546e-05,0.361223057705511,0.0562720095692899,-0.6218575893728981,-0.8247863775399382,-6.304710314109531e-05,0.0001962837380493,1.000129112612965,0.0001482010589041,-0.000195896226417,0.0001342088964443,0.3609587160502372,0.0444361572572806,-0.7939425710182302,0.6038769975998011,-2.987420089638316e-05,-0.000116149148354,-5.7916618861947e-06,-1.2897194537116148e-05,8.361760501870424e-05,-0.0003645588100053,-9.511270033350968e-05,-5.944953775288372e-05,-0.0001843561999976,-0.0001104238124055,-6.536116924290636e-05,0.0004583634535779,-0.0003129616918215,-6.433350438602483e-05,0.9998997658150832,1.0001417036306717,0.6666161165759116,0.0,0.0,0.0,0.0,0.0,0.0,EXPLORE,real_media,,,,,curated_real_balanced.csv,,
0.0002172329320926,-0.0001229744976592,7.919253541295086e-05,1.000114146222453,2.117438707501808e-06,3.17259990382259e-05,0.2746431337728405,0.042745341441375,-0.4594055099044522,-0.7290459224682783,-1.1479051165182778e-05,0.0001676349259923,0.0001638487436291,-8.019027372977979e-05,-0.0001343814112238,0.9998714237957852,0.2980154514955063,0.0227791891691414,0.3750058876071102,0.2458009488088972,-1.28562395227951e-05,-0.0001046942837445,0.0001120012732557,0.0003223735734415,-3.909346050088012e-05,0.0003416674508194,6.0900687108436855e-05,-0.0001492807858385,0.000188429505398,0.0001146418918737,1.0002344317123126,0.0002588411016393,-0.000106381904486,-5.867308087644285e-05,3.208052068491297e-05,-0.0001204096206476,0.6665677834054621,0.0,0.0,0.0,0.0,0.0,0.0,EXPLORE,real_media,,,,,curated_real_balanced.csv,,
-4.967219641398567e-05,4.976608329965737e-05,-2.383102932977373e-05,-1.8313831919595416e-05,-0.0001697273743532,-4.949469805394429e-07,-0.0001753233985447,5.273598504567284e-05,5.919016364822453e-05,-2.992442100544897e-05,-8.352641177946967e-05,1.421778689431669e-06,-6.610373521240723e-05,5.559396212481114e-06,7.055339818207467e-05,-9.887859339300628e-05,0.0001155209646497,0.000161117232451,3.669521382873311e-05,-9.352478432342053e-06,7.323161261201106e-05,0.0001165377250048,-0.000170246073617,-0.0001267854920333,-5.072753554687502e-06,-6.972991525419914e-05,3.2841939111893494e-05,-4.278978813942862e-05,4.702304883166101e-05,-4.0479698908621634e-05,-8.813036028827573e-05,0.9998639748443496,-3.605819052350488e-05,-0.0002060036206105,5.9399109125646655e-05,1.000003445932228,-3.095521601923207e-05,0.0,0.0,0.0,0.0,0.0,0.0,EXPLORE,real_media,,,,,curated_real_balanced.csv,,
1.0,0.0,0.0,0.0,0.0,0.0,0.8039785623550415,0.0963541666666666,-0.396875,0.4,1.0,0.0,0.0,0.0,0.0,0.0,0.7118390798568726,0.1026171875,0.403125,0.3291666666666666,1.0,0.0,0.0,0.0,0.0,0.0,0.7108443975448608,0.07029296875,-0.390625,-0.4708333333333333,0.0,0.0,0.0,1.0,0.0,1.0,1.0,0.0,0.0,0.0,0.0,0.0,0.0,EXPLORE,real_media,mixkit_table_06.mp4,1020.0,AVOID_PERSON,1.0,media_labeled_batch_A_real_corrected.csv,batch_A_real,mixed
0.0001016949203468,0.9999194747571736,2.29466604231742e-05,3.673161650073704e-05,3.521992669742911e-05,0.0001004949914106,0.7978194142015117,0.0444991926715635,0.4311425960149275,0.0999762727886918,5.234042344426361e-05,-3.073521461226188e-05,0.9998880402199736,-0.0002281866227718,-2.107942395725473e-05,0.0001470284105382,0.5887388167488273,0.0361988594365844,-0.090594476393572,0.0583688710702693,-0.0001140009411857,-0.0001095804301152,-6.620419343674732e-05,-9.150853367933895e-05,-5.382666042210467e-05,-9.020661173102018e-05,8.662620664049719e-05,-7.119398061523754e-05,-6.175317738508509e-05,-0.0001972835332421,-1.705751323169833e-05,-7.076733960341124e-05,-0.0001615680820675,0.9999089715535568,-1.8620539820234105e-05,1.0000392441409751,0.6668232114385855,0.0,0.0,0.0,0.0,0.0,0.0,MOVE_TO_CHAIR,real_media,,,,,curated_real_balanced.csv,,
8.305234207293087e-05,5.509469091014121e-06,2.2626223898308425e-05,-1.536306468531321e-05,1.0000917237064402,-7.543473212927536e-05,0.3828010156185943,0.0238893904094365,-0.8467545265921066,-0.2499839008963212,-4.1549514947368354e-05,8.392340929390088e-05,-5.3018594322530215e-05,1.752061731275548e-06,-8.422074767543998e-05,-0.0002110143685869,-5.230784364934092e-05,-6.131126270173143e-05,2.900249177147303e-05,0.0001074447458544,-7.557882947079657e-05,-6.146243728411099e-06,5.074384424311769e-05,0.0001171588491616,-4.702417455720551e-05,1.332569348018668e-05,-8.484764539232207e-05,0.0001459001314384,-6.556401207534635e-06,1.7550569844738358e-05,0.9998816567572636,0.0001621448885739,5.920453253892186e-06,0.000117745590317,-9.300481499856896e-05,0.0001071689806535,0.333523013963836,0.0,0.0,0.0,0.0,0.0,0.0,EXPLORE,real_media,,,,,curated_real_balanced.csv,,
1.0000702978737055,-4.147838792601735e-05,-0.0001540658598481,0.0001713111696651,-3.248336572452189e-05,-0.0001248289826604,0.5322903306576292,0.0511675661715091,0.4967807614795845,-0.5499662118335867,-0.0001968822038631,2.477741033661184e-05,0.999971733695583,-0.0001045964744221,-0.0001674876256815,-0.0002086943194037,0.8914583049182245,0.0535076373009017,-0.5874953735974828,-0.3707877178670521,2.344348326480885e-05,0.999980457005748,0.0003042196624123,-2.1712651227514343e-05,-4.068910330249263e-05,0.0002616472120168,0.4643123696570999,0.0605511930199736,-0.2592121831469932,0.3999422594781688,-6.829220032150076e-05,1.000109033094834,-3.0317577217516555e-06,-9.793735322302874e-05,0.0001677679656221,0.9998258603035642,0.9999374280837664,0.0,0.0,0.0,0.0,0.0,0.0,CHECK_TABLE,real_media,,,,,curated_real_balanced.csv,,
-4.7302448740576e-05,-8.885640060643777e-05,-0.0001061079916452,1.0000458948135316,-0.0001431305491757,5.514816087681779e-05,0.6175894092905305,0.0510096306853175,-0.2438268645915325,0.7292629249828235,-0.0001214437157156,-0.0001582691957573,0.0001711129981166,-0.0001129784773485,0.0001362523331216,0.9999780100530145,0.6321240194914378,0.0156394425295378,0.2063634671794172,0.3124571133907098,0.0002128988621371,2.0364156456495763e-05,3.124105080059497e-05,6.600267132446359e-05,-0.0001236259828265,-1.0799224881687102e-05,0.0001080710690974,-0.0001477989724571,-5.526166535573998e-05,-5.493590043787031e-05,7.570391640216108e-06,1.0000386637310863,9.959666711366149e-05,0.0001162227903211,0.0001053062829127,1.0001183349191494,0.6666662880772801,0.0,0.0,0.0,0.0,0.0,0.0,EXPLORE,real_media,,,,,curated_real_balanced.csv,,
3.623807795159859e-05,3.019547574236054e-05,0.9999058689351416,-6.769538387140312e-05,-5.329493741358704e-05,-4.1869549117143854e-05,0.9604495225138994,0.1134150686273944,-0.2094283519661013,0.1998528474308018,9.44067143580968e-05,1.0000177730718165,-1.6948781513122918e-05,-0.000165049997326,2.8899722533752144e-05,-1.3139228292953012e-05,0.5659972481612827,0.0504636034455345,-0.4719097657164633,0.0124377144656811,0.0001060702309362,-0.0002452313998043,-0.0002287514839743,0.0001715824713066,9.148885262402884e-05,4.529241016825761e-05,-0.0001047649540151,0.0001431655013832,0.0003345331749106,-4.659623557191329e-07,6.605355302117436e-06,9.196917123531392e-07,0.9999586303406212,5.422799143995635e-05,-0.0001757320282552,0.9999702499454218,0.6666703380372149,0.0,0.0,0.0,0.0,0.0,0.0,CHECK_TABLE,real_media,,,,,curated_real_balanced.csv,,
1.0,0.0,0.0,0.0,0.0,0.0,0.6806913018226624,0.0148111979166666,-0.8625,-0.15,1.0,0.0,0.0,0.0,0.0,0.0,0.6595234274864197,0.0180826822916666,-0.615625,-0.0666666666666666,0.0,1.0,0.0,0.0,0.0,0.0,0.7108230590820312,0.0164811197916666,0.115625,0.8208333333333333,0.0,0.0,1.0,0.0,0.0,1.0,1.0,0.0,0.0,0.0,0.0,0.0,0.0,MOVE_TO_CHAIR,real_media,mixkit_table_07.mp4,325.0,MOVE_TO_CHAIR,1.0,media_labeled_stage2_curated_train_20260506.csv,batch_stage2_train_20260506,occlusion
0.9999421416217872,-0.000131472703935,0.0001527417204193,4.1914974724126966e-05,6.440067375723192e-05,7.961685004547344e-05,0.7455004236284503,0.0375255079055132,0.2812663418933416,0.4709494720108611,-7.94885663692677e-05,1.000171357278339,0.0001627876768523,-1.4741416308191625e-05,0.0001210159442333,4.065295801628757e-05,0.7047693154880947,0.0423870733179304,-0.4594393267996672,0.1208333025695567,0.0002147995029878,-8.467549482720372e-06,1.0000698259758591,-7.950583141354252e-06,-1.5671289619605116e-05,0.0001236533417456,0.8995857185300734,0.0517271562613886,-0.5938859216957516,-0.312514938824488,6.39168735151159e-05,0.9999491318895456,-9.524568936162964e-05,-5.025160055191715e-05,6.166388383360447e-05,0.9999517527458416,0.9998954835095208,0.0,0.0,0.0,0.0,0.0,0.0,CHECK_TABLE,real_media,,,,,curated_real_balanced.csv,,
-0.0001148792952271,0.9998314418438052,-1.6897788610036731e-06,2.435902869872136e-05,-1.858736329942197e-05,-2.8656425147652355e-05,0.7066822101773215,0.0615720691535155,-0.4029927492187099,-0.070864926300571,-0.0001882624656484,-7.866415580128593e-05,1.0000785257540163,-3.564324754626645e-05,-9.988368234056314e-05,-0.0001406999135531,0.8744564736714486,0.0665950184480049,0.5438654058128138,-0.0248922455381158,1.5607750512931507e-05,0.0001261672179182,-0.0002605460284073,3.874284851839621e-05,-1.1241086320275634e-05,-5.995356454054522e-05,0.0001937311431472,1.076298487975627e-07,-0.0001816368871079,-7.669896057156106e-05,1.0000976309283107,1.4163568643087766e-05,8.275409822916215e-05,-0.0001618827148516,-0.0001053877794913,-4.652725504127004e-06,0.6666425024075588,0.0,0.0,0.0,0.0,0.0,0.0,CHECK_TABLE,real_media,,,,,curated_real_balanced.csv,,
0.9998740661654107,1.4598594140344818e-06,-6.81304965098901e-05,-0.0001077604887406,-0.0002014484559254,-0.0002259182526451,0.6504214630073991,0.066393971393766,0.5405504599845048,-0.3999351186604382,1.3203277402668564e-06,1.0000788213393192,-0.0001288939437768,8.609031937635201e-05,6.154230270193581e-05,-0.0001296661285253,0.7669062729902718,0.0503189313674866,-0.1407210674511193,0.6332131196342784,8.760123309654283e-05,-5.66901746193617e-05,1.0000058432710623,-4.6899031972616e-05,-0.0003213957874784,-8.439431122406566e-05,0.8262975977693549,0.0404959042478401,-0.0250307283552622,0.1290469162656232,1.000161939200248,-7.243739696834213e-05,4.990518761640562e-05,0.0002379377614854,0.0001172062843818,-5.820702752927446e-05,1.0000690496681843,0.0,0.0,0.0,0.0,0.0,0.0,MOVE_TO_CHAIR,real_media,,,,,curated_real_balanced.csv,,
7.456898474273348e-05,0.9998496232024836,0.000106951817219,-1.8319775519691448e-06,-4.088045947383127e-05,2.6354891533530755e-05,0.8065309289188499,0.0498158654259201,0.0467558152310763,0.0415217982702126,-2.78950202802354e-05,2.004455796332456e-05,-0.0001608797339026,4.383471797284025e-05,3.698456676242295e-05,-0.0001425995370318,9.410209022268508e-05,-0.0001117157094086,-0.0002098573275773,-0.0001415229196618,-0.0001355878348421,1.0295485691177285e-05,0.0001517221947883,7.295056146407025e-05,0.0001265305256848,7.759878580212337e-05,-0.0001177130298619,-7.65375400039381e-05,-1.529922491740181e-06,2.6257962517305773e-05,0.9999309937712454,-0.0001114931879074,-0.0001812224811545,1.837967707950457e-05,4.528751692382019e-05,0.0001654208333317,0.3332514484003506,0.0,0.0,0.0,0.0,0.0,0.0,MOVE_TO_CHAIR,real_media,,,,,curated_real_balanced.csv,,
2.0995561752318464e-05,0.9999251996231234,-6.719906914674415e-05,4.022935437681681e-05,-0.000110506657178,1.117281354756126e-05,0.8351575384146321,0.029033953316616,-0.0124379796849474,0.3542012258438372,-4.515524501370551e-05,1.8817106662029977e-05,1.000177695794765,0.000162954839236,0.0001596102864498,1.755803038863606e-05,0.7830504902088433,0.0464727532820453,-0.3407117380277585,0.7917736862783469,-2.8124488730037933e-05,3.851531191365899e-05,7.516481282836149e-05,-2.8517804526648723e-05,7.948765325505555e-05,4.2037186670612776e-05,8.62873992226824e-05,-0.0001536247726861,-5.506764302589906e-05,-0.0001944554832719,-1.437396573269614e-05,0.0001264062592912,-2.1244099634128647e-05,3.29108924446222e-05,0.9999420576621116,1.0000167914451277,0.6666648899297617,0.0,0.0,0.0,0.0,0.0,0.0,MOVE_TO_CHAIR,real_media,,,,,curated_real_balanced.csv,,
-5.48218960145643e-05,1.0000326953762513,5.360244117318207e-05,5.1062942503239286e-05,1.045569394092544e-05,-5.600685367077497e-05,0.8240573316907958,0.0647908637712367,-0.2999732017180681,-0.7582528557887844,0.999928429532039,4.328556021988383e-06,-0.0001529478251691,2.2717680112566643e-05,-9.940350606295944e-05,-0.0001057471500943,0.400242395804167,0.0400555132390761,0.7718490918679172,-0.7917364497816884,6.778015080723837e-05,6.452635937053475e-05,1.000033920844008,4.0439044978929744e-05,-4.090986290040211e-05,0.0001995758567303,0.4051239243696117,0.030817281963885,-0.4687128622345405,0.1790169321009199,0.999895518243078,7.65714902622926e-05,0.000169571140198,0.0001431935843576,-3.4163880351997754e-05,1.3435884917944591e-05,0.9999111308700976,0.0,0.0,0.0,0.0,0.0,0.0,MOVE_TO_CHAIR,real_media,,,,,curated_real_balanced.csv,,
-4.284623095773532e-05,-3.4162349867124735e-05,0.999900701252036,-1.7090783687413294e-05,-0.0001150499583752,4.662066225193598e-05,0.7493343135828232,0.0132279344287249,-0.3219250894241194,-0.4248846832280619,-0.0001637976918632,4.553493714998856e-05,-1.0593317475913992e-05,0.0001326157641722,1.000114451472182,-0.0001128303177049,0.5270580338830605,0.0090447140778268,-0.2938220830984194,0.43333759100322,9.228164108284072e-05,2.4873171686657825e-05,6.210553114613153e-05,0.0001429599366169,0.0001125901381108,-4.145031636710828e-05,-0.0001399170846081,-9.837845320151364e-05,-5.585987818512177e-05,-0.0001271847885261,-9.19559170219917e-06,6.093296048413975e-05,1.0000383929817958,5.208859585017656e-05,-6.59672122439323e-05,0.999975081406764,0.6666515765868831,0.0,0.0,0.0,0.0,0.0,0.0,EXPLORE,real_media,,,,,curated_real_balanced.csv,,
1.0,0.0,0.0,0.0,0.0,0.0,0.7430518865585327,0.0041666666666666,0.18125,0.0458333333333333,0.0,1.0,0.0,0.0,0.0,0.0,0.7425569295883179,0.0134765625,0.925,0.8041666666666667,1.0,0.0,0.0,0.0,0.0,0.0,0.5744310021400452,0.0283235677083333,0.65625,0.5958333333333333,0.0,0.0,1.0,0.0,0.0,1.0,1.0,0.0,0.0,0.0,0.0,0.0,0.0,EXPLORE,real_media,mixkit_table_07.mp4,240.0,MOVE_TO_CHAIR,1.0,media_labeled_batch_A_real_corrected.csv,batch_A_real,mixed
1.0,0.0,0.0,0.0,0.0,0.0,0.8279582262039185,0.10302734375,0.396875,0.325,1.0,0.0,0.0,0.0,0.0,0.0,0.6904026865959167,0.0946875,-0.4,0.3875,1.0,0.0,0.0,0.0,0.0,0.0,0.711154580116272,0.0705045572916666,-0.3875,-0.45,1.0,0.0,0.0,0.0,0.0,0.0,1.0,0.0,0.0,0.0,0.0,0.0,0.0,EXPLORE,real_media,mixkit_table_06.mp4,1090.0,AVOID_PERSON,1.0,media_labeled_batch_A_real_corrected.csv,batch_A_real,mixed
1.0,0.0,0.0,0.0,0.0,0.0,0.583245038986206,0.0322200520833333,0.69375,-0.1125,1.0,0.0,0.0,0.0,0.0,0.0,0.5631147623062134,0.0210286458333333,0.625,0.6291666666666667,0.0,1.0,0.0,0.0,0.0,0.0,0.6879206895828247,0.013427734375,0.121875,0.8375,0.0,0.0,1.0,0.0,0.0,1.0,1.0,0.0,0.0,0.0,0.0,0.0,0.0,EXPLORE,real_media,mixkit_table_07.mp4,60.0,MOVE_TO_CHAIR,1.0,media_labeled_batch_A_real_corrected.csv,batch_A_real,mixed
5.677387852092643e-05,0.999859981418582,-5.481065079581927e-05,0.0001045089487563,8.233822830187343e-06,-4.593785996466968e-05,0.905514905003468,0.0617214201635084,0.1966815107818968,-0.3374968971850463,-3.762317457480888e-05,-9.727592596483044e-05,0.0001917800153337,-2.9820769201239862e-05,0.0001056633070192,-0.0001252730823439,-0.000144391602419,-0.0002217319734425,9.053600939770454e-05,0.000229476123342,9.974957906609904e-05,-3.506681344510684e-05,-6.42605875784288e-05,1.4993912726447878e-05,2.966170001664591e-05,-0.000161344033587,0.0001645958327805,-1.1314944298261832e-05,9.125440203891794e-05,0.0002015308598191,1.0001722961096415,-0.000100726333276,-9.6843566114555e-05,-0.0001603219916106,0.0001209095866199,-0.0001609694745792,0.3333836773748721,0.0,0.0,0.0,0.0,0.0,0.0,MOVE_TO_CHAIR,real_media,,,,,curated_real_balanced.csv,,
0.9998397272708462,-0.0001680743086012,-0.0001608253317237,-1.2879928173253466e-05,-6.452670542398229e-05,7.603191727532649e-05,0.7515457716782904,0.0721557876600042,0.2249352666340133,-0.179061767540029,2.4051996004689743e-06,0.9999260023639784,-0.0001355423015849,0.0001136626318744,-5.194392578388776e-05,-0.0001288639035608,0.5708474755031776,0.0593819194629147,-0.1218573041594993,0.2957677892255374,-2.490947043658549e-05,-4.589132204520399e-05,0.0001104321658008,-7.306025801447457e-05,-9.103228480667583e-05,-0.000113985847867,-3.232182545359596e-05,7.622290054083514e-05,-3.893403817646827e-06,-9.362590133935936e-06,0.0001010904431818,1.0000736209439671,1.6987073253389806e-05,0.0001911379355024,-0.0001549317132539,1.0001219784826625,0.6667347336450737,0.0,0.0,0.0,0.0,0.0,0.0,AVOID_PERSON,real_media,,,,,curated_real_balanced.csv,,
0.9999041738744262,-0.0001122270248267,3.1158114057465386e-05,-0.0001280999208648,0.0001283307776386,1.4619508009650636e-05,0.6813157543647547,0.0349914553331626,0.175012780021259,-0.0750273367256598,4.783090627832542e-05,0.9999145893464436,-3.0050722121709785e-05,2.529297618580837e-05,5.132265430497155e-05,-2.178314336502868e-05,0.7578169841820718,0.043434724435523,-0.0343210939644071,-0.4415577319301061,-5.4516757031179535e-05,-5.10822972998502e-05,0.999842556853094,0.0001517113540276,5.366049719854657e-06,0.000124456868008,0.9698122048640642,0.1086487171509447,-0.1437122028200819,-0.0166545033141664,1.0000825598924172,0.0001256735914856,-7.20160777732879e-05,5.179246327582578e-05,2.338767244627886e-06,-3.566757807321315e-05,1.0000888410058155,0.0,0.0,0.0,0.0,0.0,0.0,CHECK_TABLE,real_media,,,,,curated_real_balanced.csv,,
-3.385726793812777e-05,0.0001376917418056,-7.521846190724738e-05,8.656128954447857e-06,0.0001988674574046,-6.098096921206705e-05,-4.483890692699572e-05,4.5067819313135817e-05,-0.0001599182287602,4.1857191620085246e-05,7.837199806089035e-05,-5.909945619870309e-05,-3.754250404647231e-05,4.534095402334277e-05,0.0001594755130019,0.000115842222617,0.0001269982820391,8.03932360978695e-05,-0.0002135379341375,5.288700835285097e-05,-0.0001677169624745,7.05907544524778e-05,-0.0001807422223107,4.931745239439968e-06,9.998447181807747e-06,5.799178779354233e-05,9.700253956005173e-05,0.0001550695937713,-7.94766161696025e-05,0.0002363887063221,0.0001156437322621,2.619874053786777e-05,-2.154039119593984e-05,1.0000386088224738,-5.059966448158538e-05,0.9998949874551712,-1.5964091813431523e-05,0.0,0.0,0.0,0.0,0.0,0.0,EXPLORE,real_media,,,,,curated_real_balanced.csv,,
-3.857863193222188e-05,0.9997697099959356,-2.5989038776750743e-05,6.542624226003871e-05,5.793739896120448e-06,9.736997778847494e-05,0.4388330278248208,0.0163297303163857,0.0250206482866409,-0.6542058040222057,-7.063927448074548e-05,0.0002056308803302,1.947417709607957e-05,-0.0001173899555428,-4.300324706750185e-05,6.196942105951874e-05,-3.038154965543681e-05,1.6251508383042614e-05,0.0002217580068534,-8.777641339909539e-05,0.0001237793790354,0.0001111127094706,-1.85621715833424e-05,0.0001630982890629,6.466000949064943e-05,-0.0002058097327883,-3.894838533966181e-05,5.153873205202124e-05,2.695883451691567e-05,1.6050855810526413e-05,-0.0003093311631796,4.029711761918729e-05,1.0001512285622494,-3.091870530902382e-05,0.0001678278829036,1.0000839126210173,0.3334410610582225,0.0,0.0,0.0,0.0,0.0,0.0,EXPLORE,real_media,,,,,curated_real_balanced.csv,,
-4.32945732436138e-05,-6.284220296160563e-05,2.274722503892836e-05,1.751367442902374e-05,-3.879473639878562e-05,-0.0001236792068205,2.953483917811681e-05,-3.767829838401854e-06,4.108867702672164e-05,-2.961078293432382e-05,1.8404665076377448e-06,-0.0001826523929958,6.221367578001815e-05,6.443253840327907e-05,-0.0001076532221005,0.0002695743315963,9.185360880372337e-05,-0.00020132399912,-0.0001075662758276,0.0001041579720117,0.0001167131156254,7.808967464469162e-05,-4.93079712463263e-06,-2.8967334007800963e-05,-2.0431892098509456e-05,-5.196292253577108e-05,-0.0001719439469147,-4.467549238010344e-08,0.0001067324586621,-3.574657638567539e-05,-3.620687930157537e-05,0.9998948402984342,1.2624735506843764e-05,8.24891709741497e-05,8.089005574263872e-05,0.9999467248468524,-0.0002362387505783,0.0,0.0,0.0,0.0,0.0,0.0,EXPLORE,real_media,,,,,curated_real_balanced.csv,,
-0.0001281931118594,0.9998906488852488,-1.5159898509328175e-05,2.5078306779897243e-06,-0.0002268166709554,5.23393100222791e-05,0.9361318629097958,0.0717180227237493,-0.5687360242594297,0.5749441421686302,-3.853185091600573e-05,-0.0001369203044787,0.9999385077482964,-5.0339424612413874e-05,0.0001023147332978,-4.322789221114408e-05,0.8276860931496888,0.0437150029724087,-0.1000666467705921,0.0790948750726237,2.6344403761779724e-05,0.0001021520695073,9.245451583292692e-05,-4.35382759066781e-05,-8.087056581850959e-05,-9.317206190015608e-05,-1.666005103201439e-05,2.899680717579367e-05,0.0002551866229723,-5.472199813631218e-06,-2.0707044125366288e-05,-8.713935746180704e-05,9.922408540376816e-05,-8.735722640541835e-05,1.0000858722346264,0.9999001200939788,0.6666175770797679,0.0,0.0,0.0,0.0,0.0,0.0,MOVE_TO_CHAIR,real_media,,,,,curated_real_balanced.csv,,
-0.0001273062601791,1.000088025548362,-6.808674399809212e-05,0.0001223723842737,0.0001428283576928,-0.0001220479234603,0.7958793093340509,0.0681380528763292,0.0437785191305102,-0.1458295377809923,2.2412516293538363e-05,2.6227724114079904e-06,1.0000521121323591,-2.004795665055181e-05,-6.099976906710414e-06,0.0001317231923604,0.566468655643145,0.0400052267370388,-0.5188151682022382,0.0876255763851342,-3.5069864777342033e-05,-6.331721235367986e-05,-0.0001288791851604,1.5798036904731648e-05,0.00010397410413,-9.318989407179528e-05,-4.579820856368733e-07,-5.7424114600114206e-05,-0.0001430556149376,6.248447854800757e-05,1.00009087458027,6.383928002691493e-05,-5.792390318288223e-05,-3.52889156155779e-05,0.0001362598774161,5.1820714783427925e-06,0.666630737563955,0.0,0.0,0.0,0.0,0.0,0.0,MOVE_TO_CHAIR,real_media,,,,,curated_real_balanced.csv,,
0.0001546045966339,0.9999830654162628,-1.0522053777868906e-05,8.458690740183253e-06,4.9415515140868426e-05,0.0001189198434551,0.602921119768051,0.0684555102720293,-0.5436578835354924,-0.6251524004951573,-8.900122125042083e-05,-4.073169741303693e-05,0.9998776677482498,-0.0001073929228531,0.0001135355446227,0.0001009128515284,0.838117777855671,0.0466454001391645,-0.0343411823672808,-0.1709009873491226,8.293414431218146e-05,-0.0001073479044178,3.5037040383423334e-05,0.0001247489599912,-0.0001936311458313,-7.792157355811404e-05,1.87222238590154e-05,3.904610981749977e-05,-9.312778167659104e-05,3.9510935590761886e-05,0.9999671207192832,-6.584772667364522e-05,9.265741470530984e-05,-0.0001419572382234,0.0001143643671642,1.5474614028177446e-05,0.6668021631978762,0.0,0.0,0.0,0.0,0.0,0.0,CHECK_TABLE,real_media,,,,,curated_real_balanced.csv,,
-4.982040561462302e-05,9.993899681392836e-05,-6.11467327420049e-05,1.0000467796782346,-4.865273762662887e-05,2.022023647437114e-05,0.2641808349608071,0.0402614146398411,0.7937529270963827,-0.4958387190264055,-0.0001063196014559,8.679065788049246e-05,2.0108453290295505e-05,0.0002303259141235,7.003981603902863e-05,9.309133785056798e-05,-9.49156904648229e-06,-2.44807297243102e-05,-5.610446677684149e-05,5.850493811205772e-05,-8.204242546542296e-05,-0.0001226579242043,-0.0001006971404972,0.0001215314465032,1.4470358201249116e-05,-6.494454055938304e-05,-4.793821537503288e-06,-7.883667239396341e-05,-1.0157357230461806e-05,-9.044059873135266e-05,0.9999391371580544,0.0002292326124426,-5.652341862650339e-05,0.0001256014801968,-2.3685290259801408e-05,0.0002118104972044,0.33332839394106,0.0,0.0,0.0,0.0,0.0,0.0,EXPLORE,real_media,,,,,curated_real_balanced.csv,,
1.0,0.0,0.0,0.0,0.0,0.0,0.8912387490272522,0.100439453125,-0.340625,0.3458333333333333,1.0,0.0,0.0,0.0,0.0,0.0,0.7799749374389648,0.11044921875,0.378125,0.3791666666666666,1.0,0.0,0.0,0.0,0.0,0.0,0.7956976890563965,0.067578125,-0.384375,-0.4583333333333333,0.0,1.0,0.0,0.0,0.0,1.0,1.0,0.0,0.0,0.0,0.0,0.0,0.0,CHECK_TABLE,real_media,mixkit_table_06.mp4,950.0,AVOID_PERSON,1.0,media_labeled_batch_A_real_corrected.csv,batch_A_real,mixed
-6.033240991697987e-05,0.9999625062941038,1.3788572992123723e-05,2.1258822941539653e-05,-2.8947554990387976e-05,9.688083868609654e-05,0.7248568353174476,0.0529209145514232,-0.1218451952061281,0.4711692569509599,3.168191255253927e-05,-7.814654762382322e-06,1.0000175523107755,7.664313923989314e-05,3.871517114518088e-05,8.86790871323553e-06,0.8934584091426488,0.105349814530324,-0.0312292149909816,0.3375123125188887,3.0775942873662944e-06,-1.0914249403157292e-05,2.417384672625516e-06,2.07809003000882e-05,-0.0001774144895408,-0.0001323423071382,4.213432985678858e-05,-1.1313884754695006e-05,7.004636838229358e-05,8.775668585342695e-06,-1.1265592253153597e-05,-3.435470078350938e-05,0.9999042082604508,-6.086171682967037e-05,0.0001037844903525,0.9999592251748016,0.6667279858338004,0.0,0.0,0.0,0.0,0.0,0.0,CHECK_TABLE,real_media,,,,,curated_real_balanced.csv,,
-0.0001746157705967,0.999983806000752,-6.719312465884064e-05,-2.4957144010508232e-05,3.134423537507127e-05,-4.679316245314205e-05,0.6624803031690027,0.0774795582083628,-0.6155591827816033,-0.3167683811951476,1.7559034227011127e-05,-8.26271133136659e-05,0.9999042239039276,-6.453177501807697e-05,3.5514171222242005e-05,2.73019763558322e-05,0.7270861725905227,0.0690164721228114,0.0968400923645076,0.0918755973204747,-0.0002188706505168,-0.0001206525405833,0.0002020736312868,-7.342325133352198e-05,0.0001319948865839,-6.789141700475648e-05,-2.6328610300920992e-05,-6.941909312234892e-05,8.727905439961333e-05,-0.0002465197949326,-9.233073176737912e-05,0.0001104896682955,1.0000280200974798,-0.0002187551483399,-8.059272435388227e-05,1.0002137926687618,0.6667159542144618,0.0,0.0,0.0,0.0,0.0,0.0,CHECK_TABLE,real_media,,,,,curated_real_balanced.csv,,
-6.169381020669784e-05,0.999927772807326,-0.0001311662016291,-0.0001396564053993,-5.8909524953240736e-05,1.263970195617591e-05,0.3095220477205976,0.0608922935506426,-0.7907022323284468,-0.4750960956897623,1.544196096741109e-05,3.284778163292833e-05,-0.0001512227069734,1.0000096335446609,-2.341225970742549e-07,-1.0086601640727575e-05,0.3700627104040312,0.0403667033144842,-0.8624714614758848,0.0208444703521777,-4.517989461460498e-05,3.426138079188683e-05,0.000111399893144,0.0001084184057769,-6.378862853368824e-05,1.3419682105803016e-05,-5.417480437267983e-05,9.74795988427291e-06,2.612501741463616e-05,-0.0001494404353773,0.0001790059861271,1.0002570533499953,3.0121778442122528e-05,0.000124653554567,-5.585828609146777e-05,1.0002079876673509,0.6667592050338422,0.0,0.0,0.0,0.0,0.0,0.0,EXPLORE,real_media,,,,,curated_real_balanced.csv,,
1.0,0.0,0.0,0.0,0.0,0.0,0.8722676634788513,0.1025390625,0.384375,0.3875,1.0,0.0,0.0,0.0,0.0,0.0,0.8156132102012634,0.08310546875,-0.390625,0.2916666666666667,1.0,0.0,0.0,0.0,0.0,0.0,0.7802205681800842,0.0697265625,-0.403125,-0.4708333333333333,0.0,0.0,0.0,1.0,0.0,1.0,1.0,0.0,0.0,0.0,0.0,0.0,0.0,CHECK_TABLE,real_media,mixkit_table_06.mp4,640.0,AVOID_PERSON,1.0,media_labeled_batch_A_real_corrected.csv,batch_A_real,mixed
1.0000674457362235,-6.6477404500726524e-06,1.6129079640240902e-05,8.547800912044081e-05,-1.6658333237229988e-05,5.6560299768411503e-05,0.9555588327892608,0.0503681067634206,0.1654477537281806,0.2416250814280914,-6.833295752820653e-05,4.141146434708084e-05,-4.2265750054674765e-05,0.0001859554942364,-3.9320431926221104e-05,-0.0001060624812505,-0.0002085277113185,-2.525797944297704e-06,-3.351681369925308e-05,7.697543912924358e-05,8.735087310831501e-05,7.692921011818341e-05,-9.212147417572296e-05,-0.0001243157115893,-4.234950195406234e-05,-9.098534868474964e-05,1.3400509390876562e-05,-2.9995137472298085e-05,7.138710213108397e-05,-5.26185961416364e-05,-0.0001852913104144,6.85057433882103e-05,1.000257280643903,6.383220385279796e-05,-0.0001558201913137,0.9998512041509104,0.3334935585212928,0.0,0.0,0.0,0.0,0.0,0.0,AVOID_PERSON,real_media,,,,,curated_real_balanced.csv,,
1.0,0.0,0.0,0.0,0.0,0.0,0.7884752750396729,0.30939453125,0.390625,-0.0875,0.0,0.0,0.0,0.0,0.0,1.0,0.6526206731796265,0.0240169270833333,0.596875,0.65,0.0,0.0,0.0,0.0,0.0,1.0,0.5099305510520935,0.0400390625,-0.678125,0.6041666666666666,0.0,1.0,0.0,0.0,0.0,1.0,1.0,0.0,0.0,0.0,0.0,0.0,0.0,AVOID_PERSON,real_media,mixkit_table_05.mp4,20.0,AVOID_PERSON,1.0,media_labeled_batch_A_real_corrected.csv,batch_A_real,mixed
-2.4909105858699043e-05,-8.676071961743991e-05,9.174654478016716e-07,9.935136697151706e-05,1.0000239048931077,-1.801522454662817e-05,0.5311659054893121,0.0091540341325175,0.2906226032898599,0.3791710944196098,3.523004502966144e-05,2.0086134272296605e-06,7.544412653227806e-08,8.08569053740647e-05,3.457907719716447e-05,1.920802344472229e-05,-0.0001627856721334,0.0001512512372355,1.4289051652901511e-05,-9.332008785719948e-05,0.0001670102626645,3.366721842695364e-05,-8.92215855635196e-05,5.232915083190847e-05,-8.725586847632427e-05,-0.0001388429889244,0.0001139357027793,-6.846872567250183e-05,-7.846929176460768e-05,2.427096232281825e-05,0.9999559887015936,-0.0002630560700692,-4.709427113574296e-05,0.000139900985108,7.649838448340906e-05,-0.0001757701560365,0.3333543331129242,0.0,0.0,0.0,0.0,0.0,0.0,EXPLORE,real_media,,,,,curated_real_balanced.csv,,
1.0,0.0,0.0,0.0,0.0,0.0,0.7435417175292969,0.115,0.35625,0.3666666666666666,1.0,0.0,0.0,0.0,0.0,0.0,0.7248724102973938,0.069765625,-0.409375,0.3375,1.0,0.0,0.0,0.0,0.0,0.0,0.6367223262786865,0.0751497395833333,-0.384375,-0.4166666666666667,1.0,0.0,0.0,0.0,0.0,0.0,1.0,0.0,0.0,0.0,0.0,0.0,0.0,CHECK_TABLE,real_media,mixkit_table_06.mp4,830.0,AVOID_PERSON,1.0,media_labeled_batch_A_real_corrected.csv,batch_A_real,mixed
1.0001073854664786,-1.7847392562826877e-05,9.032948303221012e-05,7.456649916187404e-05,-9.345076354168522e-05,1.913813155560599e-05,0.7195268241289873,0.0670667432731831,0.843847451934836,-0.1834409192977252,0.000114406808665,1.000189038614813,-3.210909730378573e-06,-7.205733823724083e-06,-2.5954910487853297e-05,-2.269464707860154e-05,0.8573452446037916,0.0376090083830242,-0.3844412135098384,0.020834009085083,-8.621702535750682e-05,1.7352256146687132e-05,-5.233842555187698e-05,-8.412565848080433e-05,-8.52576577037628e-05,5.551005960279112e-05,-0.0001375962769139,4.7991486018458845e-05,5.1544333592235935e-06,8.871573888108661e-05,3.815959297990211e-05,-0.000101351634423,3.269040680251929e-05,-2.3037102010338365e-06,0.9999539428681076,0.9998812782523366,0.6668258740497075,0.0,0.0,0.0,0.0,0.0,0.0,MOVE_TO_CHAIR,real_media,,,,,curated_real_balanced.csv,,
-3.160394922883944e-05,-0.0001187683160666,1.454055334521909e-05,0.0001370311954564,0.0002114441517811,0.9999495404208492,0.7255835058471317,0.0280729300669463,0.2656250902650479,-0.6958323011779692,-2.619754816974715e-05,-0.000174765919972,-5.495509913750654e-05,7.208670530007174e-05,-1.166056564475555e-05,0.0001232441364636,-0.0001264898973984,3.925867756159594e-05,-1.997499499795726e-05,5.593763342148332e-05,-0.0001384307416771,6.513458175710738e-05,-0.0002285068484631,9.537685213100332e-05,-7.829933906148444e-06,2.256900923886241e-05,-9.39373774402884e-05,0.0001640169155536,1.3030952828335975e-05,0.0001059566300324,-5.544835984164098e-05,-0.0001336823186909,0.0001137592298958,0.9998493291032854,-0.0001098391838486,0.9999225586962708,0.3334426117291585,0.0,0.0,0.0,0.0,0.0,0.0,EXPLORE,real_media,,,,,curated_real_balanced.csv,,
-8.35807730649365e-05,3.200084240251452e-05,1.000132517737163,3.928475001269693e-05,4.554670510394066e-05,5.145842142221821e-05,0.742227274801593,0.092008300397282,0.4530109927821225,0.3457136872558835,-2.206322111328912e-05,1.6395434149847865e-05,8.259264633348318e-05,0.0001346892200307,3.041173882952108e-05,-0.0001287170736227,7.094582559982846e-05,-0.0003322266385881,-0.0001136116161122,2.0475103120223508e-05,0.0001019141698009,-0.0001257803883946,5.897906204164384e-05,9.693234699156057e-05,-5.8559857541399774e-05,7.172591268374085e-05,6.345140869458672e-05,-5.655153514894346e-05,-1.9796135338462905e-05,7.240336033280105e-05,1.0000027288141713,0.0001358884208984,6.34166096601513e-05,0.0001024987117998,-7.864411151625638e-05,9.756053223375003e-06,0.3332265514932793,0.0,0.0,0.0,0.0,0.0,0.0,CHECK_TABLE,real_media,,,,,curated_real_balanced.csv,,
4.895689578840253e-05,1.0001556225579735,2.4209940815161065e-05,0.0001608932794217,-2.4272557720339483e-05,-8.957744795855652e-05,0.5442479808295502,0.028579227324936,-0.1156366332453429,-0.0500722882080143,-8.398189552851588e-05,-0.0001084682471229,-2.7469175957745903e-05,7.949733670075358e-05,0.9998721875965766,3.101095872003676e-05,0.3159117273937689,0.0228078357724298,-0.2780220995963817,0.391677224749106,5.593553813527867e-05,-4.327912239711829e-05,-0.0001046518739295,-7.693652297309491e-05,-8.960573826821008e-05,-9.108013929459898e-05,2.3641275612107416e-05,0.0002275491796028,8.171032329266006e-05,-9.699905445500576e-05,6.573526748832682e-05,-4.750502771077038e-06,-4.569806569207267e-05,-9.859982218188376e-05,1.0000807983477906,0.999885226739674,0.6667811269996508,0.0,0.0,0.0,0.0,0.0,0.0,EXPLORE,real_media,,,,,curated_real_balanced.csv,,
0.0001762820282859,1.0000778157527157,2.023210035342187e-05,-0.0001183232002383,0.0001367470798556,5.280905934049516e-06,0.8137683149008218,0.0664172092644704,0.4688342349047121,-0.1290954057441176,6.20315624521669e-05,5.355407481714282e-05,1.0000186064792087,9.50269916954968e-05,-6.543692186797637e-05,-0.0001528782816977,0.7874659638950162,0.0445281480079813,-0.5344817760328897,0.2083081776460722,-0.0001908638839473,-5.692997106311887e-05,7.908046029347385e-05,-0.0001092332438771,-4.076780677122358e-05,7.233541308037174e-05,0.0001459216121417,5.015375107897503e-05,-0.0001734140115746,-1.642651889163675e-05,0.0001265663143417,-5.508797631907817e-05,5.803067827902709e-05,3.5717011329102726e-05,0.999822117069584,0.9999400669413376,0.6665705206401847,0.0,0.0,0.0,0.0,0.0,0.0,MOVE_TO_CHAIR,real_media,,,,,curated_real_balanced.csv,,
1.0,0.0,0.0,0.0,0.0,0.0,0.876361608505249,0.084453125,-0.35625,0.35,1.0,0.0,0.0,0.0,0.0,0.0,0.8414745330810547,0.114658203125,0.36875,0.35,1.0,0.0,0.0,0.0,0.0,0.0,0.7708687782287598,0.0768782552083333,-0.578125,-0.4416666666666666,0.0,1.0,0.0,0.0,0.0,1.0,1.0,0.0,0.0,0.0,0.0,0.0,0.0,AVOID_PERSON,real_media,mixkit_table_06.mp4,30.0,AVOID_PERSON,1.0,media_labeled_batch_A_real_corrected.csv,batch_A_real,mixed
0.0,0.0,0.0,0.0,0.0,1.0,0.3174130022525787,0.3890885416666667,-0.128125,0.4791666666666667,0.0,0.0,0.0,0.0,0.0,0.0,0.0,0.0,0.0,0.0,0.0,0.0,0.0,0.0,0.0,0.0,0.0,0.0,0.0,0.0,0.0,0.0,0.0,1.0,0.0,1.0,0.3333333333333333,0.0,0.0,0.0,0.0,0.0,0.0,EXPLORE,real_media,g_batchG_table_finances_closeup_360p.mp4,235.0,EXPLORE,1.0,media_labeled_stage2_curated_train_20260506.csv,batch_stage2_train_20260506,table_focus_clutter
-0.0002345783511754,-0.0002890440196901,9.981762743302829e-06,-0.0001314192215806,2.441051457240131e-05,0.9998125054172118,0.5628805187967543,0.0517884332475803,0.0906920956454543,-0.4709453361066591,-5.531252453742867e-05,4.22671774008748e-05,7.334428050405513e-05,-0.0001473193009185,0.000133596845581,0.000332577877721,-0.0001889753445895,8.941505624829564e-05,-4.2097060456213495e-05,-0.00031492709474,7.990442731338361e-05,0.0001824995210501,2.8281250955069506e-05,-8.667796150927556e-05,0.0001798449117502,0.0002458072360825,9.616818922892084e-05,-8.455787723238639e-05,-0.0001806084715495,6.272264178409263e-05,-0.0001753483615211,-4.83815029369567e-06,0.000100715126475,5.4663111311945706e-06,1.0001487992592504,1.0000910027545424,0.3331829076317801,0.0,0.0,0.0,0.0,0.0,0.0,EXPLORE,real_media,,,,,curated_real_balanced.csv,,
0.999846691050952,-5.050776946539745e-05,-2.03024468451552e-05,-0.0001014910341965,-0.0002552741550867,-0.0001922566973171,0.6179140964282486,0.0655690998584521,0.4441025994345321,-0.1918016253392439,-0.0001104147341327,0.9998217403498216,-8.605471655762147e-05,-0.000218010805257,3.676414306306947e-05,4.427461737792696e-06,0.6934121929125645,0.0273679008406727,-0.2750499147634732,0.1666382765730513,0.0001292177717836,-0.0002162978294316,1.0000218969503898,6.920320722991265e-05,-1.28927341498368e-05,0.0001309963058975,0.8642114252815454,0.0902271377955655,0.302882217836654,0.4583615129080274,0.0001281716646514,-2.3842248289053203e-05,0.9999559363257606,0.0001676340910249,-0.0001181683590188,0.9998854404274744,0.999990599483387,0.0,0.0,0.0,0.0,0.0,0.0,CHECK_TABLE,real_media,,,,,curated_real_balanced.csv,,
1.0,0.0,0.0,0.0,0.0,0.0,0.8641110062599182,0.1088541666666666,0.375,0.3625,1.0,0.0,0.0,0.0,0.0,0.0,0.8233889937400818,0.1102994791666666,-0.33125,0.3,1.0,0.0,0.0,0.0,0.0,0.0,0.8245945572853088,0.0875390625,-0.31875,-0.4208333333333333,0.0,1.0,0.0,0.0,0.0,1.0,1.0,0.0,0.0,0.0,0.0,0.0,0.0,MOVE_TO_CHAIR,real_media,mixkit_table_06.mp4,510.0,AVOID_PERSON,1.0,media_labeled_batch_A_real_corrected.csv,batch_A_real,mixed
1.0001872745996283,6.437225865717631e-05,-0.0001169040257408,0.0001326282185433,-6.004213861265098e-05,-0.0001050809635919,0.8361311960550577,0.07787834921751,-0.2626399655766254,-0.1332532494878647,-1.4246110122546736e-05,1.0001863690887831,-0.000144007706192,-6.01260065293498e-05,0.0001165224964869,1.6267064038464495e-05,0.748752149148643,0.030124649103501,-0.6002639835060186,-0.3291406643564111,-4.523695775491173e-05,-0.0001768362691517,5.901297434774172e-05,-3.750324358303688e-05,0.000123519678336,4.9784514579922194e-05,5.48618147491291e-06,3.731534362722492e-06,0.000104303914713,-0.0001724908099436,0.0001531514131563,6.828519014883224e-05,1.0001711561304238,-3.388284985477668e-05,-3.867834522434418e-05,0.9999046296520032,0.6667478559370728,0.0,0.0,0.0,0.0,0.0,0.0,AVOID_PERSON,real_media,,,,,curated_real_balanced.csv,,
0.0,1.0,0.0,0.0,0.0,0.0,0.7585999369621277,0.0162825520833333,0.09375,0.825,1.0,0.0,0.0,0.0,0.0,0.0,0.5810827612876892,0.0250520833333333,0.659375,0.5916666666666667,1.0,0.0,0.0,0.0,0.0,0.0,0.4553570747375488,0.005615234375,-0.165625,-0.4083333333333333,0.0,0.0,1.0,0.0,0.0,1.0,1.0,0.0,0.0,0.0,0.0,0.0,0.0,MOVE_TO_CHAIR,real_media,mixkit_table_07.mp4,225.0,MOVE_TO_CHAIR,1.0,media_labeled_stage2_curated_train_20260506.csv,batch_stage2_train_20260506,occlusion
0.9999545175392872,-9.025032757927536e-05,-0.00018094725947,0.0001603465778715,2.6215162902966418e-05,-8.477726794315428e-05,0.8801873950577217,0.6929958355027275,-0.181303937387762,0.1458070700362083,0.0001710630143888,0.9999036960520296,-0.00012019854781,0.0001047003748666,3.150829460980568e-05,7.630462098185519e-05,0.2507293214872237,0.1549146236425792,-0.6375585722217924,0.5289532700770678,0.0002673953779495,0.0001386929147475,-4.894283102433976e-06,-0.0002797723585286,-2.264541818511517e-05,-0.0001880477969577,-4.9584252329937874e-05,0.0002528879309384,0.0004066404183584,-0.0001475689073707,7.083491554527985e-05,3.3431476404951945e-05,-8.714815970736592e-05,1.0001968835333437,-0.0002295368225025,0.9999720973204764,0.6665088650461217,0.0,0.0,0.0,0.0,0.0,0.0,AVOID_PERSON,real_media,,,,,curated_real_balanced.csv,,
-8.701930894887981e-05,1.0000577936948916,-0.0001230643394804,2.532509997150409e-05,1.2480630090984792e-05,-4.1525454594999e-05,0.7307604139579462,0.0224580567446723,0.3748176585073189,-0.1376058717939856,0.0001481106066216,6.150087292779917e-05,0.0001139311115182,-7.320133614175842e-06,0.000139130083364,1.000057516873362,0.38826344648211,0.0432737651691676,0.7781783357414249,-0.0001126030550424,3.1126732335689086e-05,-1.7622641438342374e-05,8.66521434178429e-05,8.70850575214013e-05,-3.8646849645400845e-05,-0.000117124987652,0.0001969365362759,1.1150120066193516e-05,0.0001882139265696,0.0001348407405983,0.9999951082028532,-5.713896358332468e-05,-5.600583034987591e-06,7.96046341232299e-05,-3.3879399284509914e-05,1.6272775240047378e-05,0.666761267995711,0.0,0.0,0.0,0.0,0.0,0.0,EXPLORE,real_media,,,,,curated_real_balanced.csv,,
1.0000101810722153,-0.0001594492332543,0.0001983296964056,0.0001276297593476,0.0001782238316467,-6.746204724199024e-06,0.8635450826419606,0.0739499653096998,-0.0281084241052415,-0.0456552658210485,0.0001215369528333,1.0000333650913076,-0.0001048089831408,-9.15483000318418e-05,-2.5150755035526053e-05,4.286603566783086e-06,0.6548383090215271,0.0397146146000715,0.0313936685389549,0.1418496495064435,-0.0001661335143262,4.724907579413317e-05,1.0000976276844065,1.4106908357214293e-05,5.196835850055128e-05,-6.743625041844628e-05,0.75496712442507,0.0407084272484709,-0.2250701532355922,-0.2083830331572166,4.304388564081436e-05,-3.353067976306633e-05,0.9999935160286316,-2.0975996421248963e-05,-4.600000430453802e-05,0.9998893181770748,0.9998729211921497,0.0,0.0,0.0,0.0,0.0,0.0,AVOID_PERSON,real_media,,,,,curated_real_balanced.csv,,
-5.971623852974735e-05,-1.427813021887983e-05,7.345792345449999e-05,-0.000100040816055,0.0001144646621517,-0.0001548747692089,2.0469131713767195e-05,3.7938663135489176e-05,7.396469905718662e-05,5.153279375892391e-05,-1.858501273125268e-05,-7.588846196446788e-05,7.975478084520299e-05,0.0001100943409072,3.3130327698711086e-05,-5.67237445714627e-05,-2.212180513447817e-05,8.682415809839404e-05,-0.0001381996318218,-0.0001059311762641,-0.0001287925517232,6.531837736294387e-06,-5.174089018159118e-05,-4.486957761509179e-05,6.446986581022822e-05,2.411449173163484e-05,2.872729258085285e-06,-3.698895193764661e-05,-0.0001569198397324,-9.213060606482042e-06,5.103332936579024e-05,1.0001755302598592,-0.0001094199573028,-3.445558860391978e-05,-5.35569302457208e-06,1.0000055975236042,5.5097419245006446e-05,0.0,0.0,0.0,0.0,0.0,0.0,EXPLORE,real_media,,,,,curated_real_balanced.csv,,
1.0,0.0,0.0,0.0,0.0,0.0,0.8832343220710754,0.1008040364583333,0.38125,0.3875,1.0,0.0,0.0,0.0,0.0,0.0,0.8323796987533569,0.0802083333333333,-0.390625,0.275,1.0,0.0,0.0,0.0,0.0,0.0,0.7996702194213867,0.0740559895833333,-0.38125,-0.4416666666666666,0.0,0.0,0.0,1.0,0.0,1.0,1.0,0.0,0.0,0.0,0.0,0.0,0.0,CHECK_TABLE,real_media,mixkit_table_06.mp4,630.0,AVOID_PERSON,1.0,media_labeled_batch_A_real_corrected.csv,batch_A_real,mixed
0.0001628826038848,1.0000404596954122,3.655589845881241e-05,4.571750842976345e-06,-8.545235023369181e-05,-0.0002199058320087,0.8781353798552141,0.0776795938192092,-0.5407811374082729,-0.1457481780156783,8.55611539002029e-05,7.635986966282638e-05,0.9999513979459922,-0.0001174322800453,0.0001277746960984,-2.421117947277839e-05,0.8598468156243064,0.075903108251892,-0.0375438013737281,0.095817592570575,1.000118391598307,-3.099772721294369e-05,3.2202516461299936e-05,-6.118733878082113e-05,-9.111895861878836e-05,5.248299412467178e-05,0.4211732786191649,0.0502443841242647,0.343897396200675,-0.0958476724167057,-0.0001230494968842,-1.402363306566462e-05,0.9999296859241336,-2.474174369948647e-05,9.721212985969973e-05,1.0001583390808175,1.0000181837904814,0.0,0.0,0.0,0.0,0.0,0.0,CHECK_TABLE,real_media,,,,,curated_real_balanced.csv,,
1.0000888612960614,0.0001211312551722,0.0001324353924067,-6.240854982745856e-06,0.0002752371669399,6.874756218970658e-05,0.9513466927665368,0.0806860833051501,0.3342923098157688,0.1124405951630062,-0.0001234825420982,0.0001778089533718,1.000080460452734,-0.0002084409852883,7.496875907862161e-06,3.185046659567407e-05,0.9030897399059308,0.0581142687242425,0.074935143471902,-0.0206632140550611,-8.415964281124872e-06,0.0002284045395238,-0.0002975605191049,2.4627831051954887e-05,0.0002070217878935,6.215599935980138e-05,-0.0001151779004464,-0.0001759363917453,-7.823341849004127e-05,-0.0001202576346791,-0.0001359148777842,1.000172442398756,2.449008848193132e-07,-9.194964082440874e-05,-0.0001138271291314,0.9998616346924832,0.666722465833711,0.0,0.0,0.0,0.0,0.0,0.0,AVOID_PERSON,real_media,,,,,curated_real_balanced.csv,,
0.9997230521042604,8.192135882294264e-05,-0.000134516480713,3.704728449283116e-05,3.556857398656398e-05,5.5462658165050304e-05,0.7560449045229086,0.0841511614616471,-0.1436966033675795,0.2125606335748188,0.0001513106332454,0.9999286265811556,-0.0001358179025461,-0.0001593191500948,1.219186074911732e-05,0.0001089203136441,0.6955816503034168,0.0387363200995849,-0.6342914971113177,0.8333386719171386,-2.5834481770747337e-05,-4.9248835444789934e-05,1.0000104127103957,-2.9766148855082777e-05,5.2340415838157206e-05,-7.793449943291319e-05,0.5427530031408555,0.050545666363913,0.5279984032735232,-0.1457563300208731,-1.2527137743373969e-05,-6.653838208030505e-05,0.9998865307647284,-4.138839099148977e-05,0.0001191795655727,1.0000237381306998,1.0001053602420271,0.0,0.0,0.0,0.0,0.0,0.0,AVOID_PERSON,real_media,,,,,curated_real_balanced.csv,,
0.9999886680773648,3.180007737406729e-05,0.0002349477518332,7.420441599332045e-05,-9.401680936505346e-06,1.863120047644017e-05,0.948588476571442,0.0891018900922019,0.0625733497764883,-0.4457231127933485,0.0002464376136564,1.0001528384367702,3.1666828902522384e-05,-6.139001415324548e-05,-0.0001202221371141,0.000100043228331,0.7321326516571977,0.0683825581674126,-0.2874671436741572,-0.3083298322490194,-6.248016923051293e-06,8.425255783215303e-05,-0.0002047008382762,-0.0001729522198438,-0.0002469537225327,-4.346038899434563e-05,-1.166214207453281e-05,0.0001203180031204,4.995221836799385e-06,5.360220468076732e-05,-1.145191549507114e-05,-4.863993919256216e-05,0.9998907645162112,2.5650509398999084e-05,-2.9346548916042534e-06,0.9998944853938034,0.6666109742431113,0.0,0.0,0.0,0.0,0.0,0.0,AVOID_PERSON,real_media,,,,,curated_real_balanced.csv,,
-6.551023657238299e-06,1.000047558331477,7.379247425602181e-05,5.330440654913035e-05,-6.866834176630131e-05,-6.154422450857737e-05,0.8469920067764078,0.037475393919431,-0.4000523927834905,0.145855163795822,0.9999472190898472,-0.0002316134536428,1.1439996851575696e-05,-0.0001168098925843,-9.73603361501666e-05,4.954362389272794e-05,0.6716804480084746,0.0475697063429097,0.5312090832835119,-0.7915184081152056,-9.34907571371347e-05,5.730797643704647e-06,1.0000001906565388,-4.0544428808406735e-05,1.1716677522882523e-05,-3.2479796896937285e-05,0.8072607521235547,0.0640165139467924,-0.3374805263625172,0.3459779920704023,-2.7420356851037623e-05,2.076135773265488e-05,1.000058285123912,7.386858549184699e-05,-0.0001761860254541,0.9999420361410936,0.9999672212117372,0.0,0.0,0.0,0.0,0.0,0.0,CHECK_TABLE,real_media,,,,,curated_real_balanced.csv,,
1.0,0.0,0.0,0.0,0.0,0.0,0.7624712586402893,0.103125,0.390625,0.3708333333333333,1.0,0.0,0.0,0.0,0.0,0.0,0.7290641665458679,0.0706119791666666,-0.409375,0.3333333333333333,1.0,0.0,0.0,0.0,0.0,0.0,0.5929591059684753,0.0765625,-0.384375,-0.4125,0.0,0.0,0.0,0.0,1.0,1.0,1.0,0.0,0.0,0.0,0.0,0.0,0.0,CHECK_TABLE,real_media,mixkit_table_06.mp4,790.0,AVOID_PERSON,1.0,media_labeled_batch_A_real_corrected.csv,batch_A_real,mixed
-2.81372449997778e-05,0.9998932565140968,-3.666976890575432e-05,7.176134380979035e-05,1.8683511752705107e-05,3.573147929079434e-05,0.98696226278191,0.0677734712172059,0.0375686652239272,0.0915668607121262,1.0000680291297137,-5.345495701723199e-05,6.157109332929799e-06,-0.0001110351111075,-0.000170015542158,5.880043014175484e-05,0.6364390821027887,0.0534444623951731,0.3877353704037856,-0.3624572162347025,4.626667827566269e-05,-0.000106438203741,4.35239054135898e-05,3.6833254118652605e-05,-7.0927685269885e-05,0.0001784847129523,3.131530296012913e-05,-4.353472633015253e-05,-0.0001671607570035,0.0002513159855878,6.0915994733925366e-05,4.3903936450089385e-05,-6.424543622043904e-05,1.000027660549923,1.438308628665377e-05,1.000015209941852,0.6665259673087672,0.0,0.0,0.0,0.0,0.0,0.0,MOVE_TO_CHAIR,real_media,,,,,curated_real_balanced.csv,,
1.0,0.0,0.0,0.0,0.0,0.0,0.6971588730812073,0.004443359375,0.18125,0.0375,1.0,0.0,0.0,0.0,0.0,0.0,0.5900513529777527,0.01705078125,-0.6,-0.0583333333333333,1.0,0.0,0.0,0.0,0.0,0.0,0.5667041540145874,0.02212890625,0.659375,0.5875,0.0,0.0,1.0,0.0,0.0,1.0,1.0,0.0,0.0,0.0,0.0,0.0,0.0,MOVE_TO_CHAIR,real_media,mixkit_table_07.mp4,270.0,MOVE_TO_CHAIR,1.0,media_labeled_batch_A_real_corrected.csv,batch_A_real,mixed
1.4655166237882815e-06,1.0002227483184245,-3.362905724110678e-05,-5.510266230015482e-05,-6.245075360996602e-05,-8.563776260838706e-05,0.5759803382401574,0.0407495914383138,-0.2626925169975909,-0.0042503306718624,-9.748473173339742e-05,0.0002074624432395,0.9999119617537076,8.430005701344403e-06,-0.0001475860878948,1.8587968730445e-05,0.7796680876358647,0.0822839544336022,0.3281588845931401,0.0916293227678288,2.9339902800301587e-06,-5.339102761841582e-07,-0.0001015403063172,0.0002130670703505,-6.684453818255656e-05,-4.9725995710048086e-05,-0.0001086071549476,8.098147317307858e-05,-6.97346676526382e-06,-0.0001381892829284,-8.797169975885594e-05,0.9999172913657692,8.021687364458377e-05,0.0001160781210393,-5.84529142686348e-05,1.000040611176768,0.6666229313275105,0.0,0.0,0.0,0.0,0.0,0.0,CHECK_TABLE,real_media,,,,,curated_real_balanced.csv,,
1.0,0.0,0.0,0.0,0.0,0.0,0.856967031955719,0.07287109375,-0.384375,0.3541666666666667,1.0,0.0,0.0,0.0,0.0,0.0,0.7680702209472656,0.1136588541666666,0.38125,0.3541666666666667,1.0,0.0,0.0,0.0,0.0,0.0,0.7623844146728516,0.07412109375,-0.575,-0.4291666666666666,0.0,0.0,0.0,0.0,1.0,1.0,1.0,0.0,0.0,0.0,0.0,0.0,0.0,AVOID_PERSON,real_media,mixkit_table_06.mp4,20.0,AVOID_PERSON,1.0,media_labeled_batch_A_real_corrected.csv,batch_A_real,mixed
1.0,0.0,0.0,0.0,0.0,0.0,0.8590947985649109,0.104453125,-0.34375,0.3333333333333333,1.0,0.0,0.0,0.0,0.0,0.0,0.785605788230896,0.1067252604166666,0.378125,0.3791666666666666,1.0,0.0,0.0,0.0,0.0,0.0,0.712168276309967,0.069716796875,-0.3875,-0.45,0.0,1.0,0.0,0.0,0.0,1.0,1.0,0.0,0.0,0.0,0.0,0.0,0.0,AVOID_PERSON,real_media,mixkit_table_06.mp4,955.0,AVOID_PERSON,1.0,media_labeled_stage2_curated_train_20260506.csv,batch_stage2_train_20260506,occlusion
1.0,0.0,0.0,0.0,0.0,0.0,0.8330069184303284,0.1063899739583333,0.415625,0.35,1.0,0.0,0.0,0.0,0.0,0.0,0.7630305290222168,0.067314453125,-0.471875,0.3666666666666666,0.0,1.0,0.0,0.0,0.0,0.0,0.6532564163208008,0.064453125,0.59375,0.5291666666666667,0.0,1.0,0.0,0.0,0.0,1.0,1.0,0.0,0.0,0.0,0.0,0.0,0.0,EXPLORE,real_media,mixkit_table_06.mp4,1000.0,AVOID_PERSON,1.0,media_labeled_batch_A_real_corrected.csv,batch_A_real,mixed
-1.713495878177463e-05,1.0000609123643511,5.025710768330999e-06,0.0001237060063434,-5.367125180648491e-05,-0.0002330161398523,0.7995410953066464,0.0467111230050777,-0.1498669530488142,0.4040835714500421,6.634826581740518e-05,4.3264191565860185e-05,0.9997991139291524,-8.251747136279912e-05,-7.759683209826896e-05,-0.0001525320682267,0.6545992579734274,0.0764316357442072,-0.8438759586050696,0.1792405010561739,3.714235214021151e-05,-0.000127059928215,-0.0001641728444738,-0.0001229243215212,-0.0002015095282419,-0.000167515900589,-3.432896263227374e-05,-5.871574622884537e-05,2.063284916849492e-05,0.0001213440259844,0.9999233408033098,-9.55365680560214e-05,-3.0215130697885224e-05,7.470303942868833e-05,-9.221053100615298e-05,-1.6416590403897826e-05,0.6665105588767821,0.0,0.0,0.0,0.0,0.0,0.0,MOVE_TO_CHAIR,real_media,,,,,curated_real_balanced.csv,,
0.0002264934602458,1.0000906830941203,2.8813795177182435e-05,-1.55546611247008e-05,1.647928615750138e-06,7.24111229035632e-05,0.9763429587160624,0.0485339323908259,0.2655466112589738,-0.0708391710771877,-1.3561190633371184e-05,-4.0638371389079205e-05,-6.763233939947008e-05,0.0001676434556329,7.155969954308613e-07,-0.0002476985547297,3.516929014472089e-05,-4.875975140454906e-05,8.698603742042446e-06,0.000130787063595,-5.739146876269166e-05,5.7167087136125765e-05,6.490169186804996e-05,-9.647936536117456e-05,0.0001037379695163,-5.394143642616496e-06,0.0001284782052334,-6.879521757435578e-06,7.20626549948789e-05,-3.1092416521407554e-05,1.0002281193560123,3.227770171909662e-05,8.912015324491002e-05,-0.0001236249791986,5.946746466725842e-05,0.0001717675368147,0.3334398621116371,0.0,0.0,0.0,0.0,0.0,0.0,MOVE_TO_CHAIR,real_media,,,,,curated_real_balanced.csv,,
1.0,0.0,0.0,0.0,0.0,0.0,0.8427401185035706,0.111181640625,0.4,0.3666666666666666,1.0,0.0,0.0,0.0,0.0,0.0,0.8204553723335266,0.0734375,-0.459375,0.3416666666666667,1.0,0.0,0.0,0.0,0.0,0.0,0.5944411158561707,0.0736002604166666,-0.390625,-0.4208333333333333,0.0,0.0,1.0,0.0,0.0,1.0,1.0,0.0,0.0,0.0,0.0,0.0,0.0,CHECK_TABLE,real_media,mixkit_table_06.mp4,980.0,AVOID_PERSON,1.0,media_labeled_batch_A_real_corrected.csv,batch_A_real,mixed
1.0000726342576414,0.0002541609802983,-0.0001229268717592,-8.53629977278413e-05,0.000109039299963,-5.901995051836381e-05,0.9833378202703406,0.0541188324408141,0.1968986647970338,0.3833410292588872,1.4778703056365165e-06,1.0000343883676877,4.29681858382687e-05,-0.0001218367849168,-6.427389789209531e-05,7.274709603511976e-05,0.8059426505287218,0.0475653470109653,-0.5093882341294386,-0.2124794655270725,-0.0001313163530045,-0.0002918966904789,0.9999027333790113,0.0001038327864623,-0.0001382334942646,2.0628825451284392e-05,0.8883443636353008,0.0690498189790124,0.5533330683629255,0.029221924952862,0.0001829847692609,0.999742740025747,6.775542983479282e-07,8.29542520985519e-05,3.833010782990746e-05,1.000007949810468,0.9999127015017188,0.0,0.0,0.0,0.0,0.0,0.0,AVOID_PERSON,real_media,,,,,curated_real_balanced.csv,,
-4.249648163340246e-05,0.9999450853302256,0.0001400100550349,-4.816540650433673e-05,0.0001338250822482,3.509049474008512e-05,0.944870849880227,0.0726215444934365,-0.3125316144669338,0.6541371408716282,1.0000181218823858,-0.0001955185685386,1.7371681361057511e-06,8.762508258931175e-05,3.799944845580255e-05,-5.626190004754748e-05,0.5917901782248408,0.0650574988648613,0.5938064182891751,0.0791758530986337,0.0001584624555296,0.0002007586582404,0.999821208907364,-0.0001410449013716,-2.6591727912059e-05,-5.597229671596088e-05,0.7146698342224649,0.0497516609120533,-0.621900118750358,-0.3543348740293079,1.0000062851985747,6.614370766683822e-05,7.147317897775456e-05,-0.000127341112178,1.4873772799648564e-05,0.0001720140425055,1.0001489419903076,0.0,0.0,0.0,0.0,0.0,0.0,MOVE_TO_CHAIR,real_media,,,,,curated_real_balanced.csv,,
1.5761321660445597e-06,5.776546313313472e-05,1.0001128409595816,-5.843520066329551e-05,6.452782121042998e-05,-1.5123636662485646e-05,0.8843203893944258,0.0600803748820779,-0.0186849837567456,0.2083527423615603,-4.482137517539754e-05,0.000186125956192,-5.315894252160485e-06,-9.58732990204113e-05,5.296077027023877e-05,4.226685137464672e-06,4.630442816732629e-06,2.6373018728908588e-05,-5.879058984921898e-05,-4.704260170614598e-05,-0.0001631740289644,-8.917658056311199e-05,9.655524608885008e-05,-2.2345431593723112e-05,2.402812763040325e-05,1.7722569338923406e-05,2.208518494868041e-05,-4.515209460493423e-05,-8.023891568679359e-05,8.489294774145075e-05,1.0000336646204686,0.0001069663475943,-0.0001404635283173,0.0001465850696582,5.396525345215109e-05,-7.457804817872363e-05,0.3332686918259248,0.0,0.0,0.0,0.0,0.0,0.0,CHECK_TABLE,real_media,,,,,curated_real_balanced.csv,,
-2.8403419384881626e-05,-0.0001897796004693,1.0000359279234805,0.0002046795586771,-3.787387835465632e-05,0.0001272899579408,0.6567919517983827,0.0302554260138232,-0.2344238500072604,-0.3749535007881651,0.0002840956221623,0.0001478913957823,-2.150983236593811e-05,1.0001034447905284,-0.000166105088732,0.0002179137071761,0.4760623406149928,0.0427752721224736,0.5594002181073936,0.2956198924425708,4.128770670117419e-05,-1.9307054225807448e-05,2.4307993259001106e-05,-0.0002906095371662,3.107693795529026e-06,0.0001551910146144,-5.69951687814287e-05,-0.0001221545240327,-0.0002447664932468,9.609208827648514e-05,-2.1127035580803392e-05,7.356514136183811e-06,-0.0002201716169904,-0.000136639060102,1.0000532645520153,0.9999133869602354,0.6667181279600547,0.0,0.0,0.0,0.0,0.0,0.0,EXPLORE,real_media,,,,,curated_real_balanced.csv,,
0.0,0.0,0.0,0.0,0.0,1.0,0.2648459076881408,0.2571223958333333,0.13125,0.4708333333333333,0.0,0.0,0.0,0.0,0.0,0.0,0.0,0.0,0.0,0.0,0.0,0.0,0.0,0.0,0.0,0.0,0.0,0.0,0.0,0.0,1.0,0.0,0.0,0.0,0.0,0.0,0.3333333333333333,0.0,0.0,0.0,0.0,0.0,0.0,EXPLORE,real_media,g_batchG_table_finances_closeup_360p.mp4,160.0,EXPLORE,1.0,media_labeled_stage2_curated_train_20260506.csv,batch_stage2_train_20260506,table_focus_clutter
9.574028249071797e-06,1.0003041645738593,-2.886403928108117e-05,-6.015183936829853e-05,-7.251662643918229e-05,-0.0001274022135476,0.6222424696832128,0.0415473354289144,-0.3000487290911849,-0.4581122683982552,-6.403924807396461e-05,-0.000202574456062,3.07683771496957e-05,-1.4929607537781483e-05,-4.94438905735918e-05,1.0001081880732643,0.2672711724624635,0.7437872613492424,-0.0157610879094848,0.1704381746774112,-0.0003488965617982,0.0001196063229954,-0.0001354232804357,4.203542013680092e-05,0.0002726849340076,1.000194172030623,0.2604401874310882,0.0194091642693678,-0.9283294143768543,0.7251803891276591,0.0001902115979426,2.96707217688808e-05,1.0000901199041092,0.000162450784953,-6.597079971915739e-05,1.0000931180927075,1.0001064101404509,0.0,0.0,0.0,0.0,0.0,0.0,MOVE_TO_CHAIR,real_media,,,,,curated_real_balanced.csv,,
1.0,0.0,0.0,0.0,0.0,0.0,0.7968556880950928,0.113203125,0.178125,-0.6666666666666666,0.0,0.0,0.0,0.0,0.0,1.0,0.3891055285930633,0.71525390625,-0.021875,0.2583333333333333,0.0,0.0,0.0,0.0,0.0,1.0,0.6630162596702576,0.1008203125,-0.2875,-0.0208333333333333,0.0,1.0,0.0,0.0,0.0,1.0,1.0,0.0,0.0,0.0,0.0,0.0,0.0,AVOID_PERSON,real_media,mixkit_table_05.mp4,190.0,AVOID_PERSON,1.0,media_labeled_batch_A_real_corrected.csv,batch_A_real,mixed
1.0,0.0,0.0,0.0,0.0,0.0,0.8387869596481323,0.096484375,-0.384375,0.3958333333333333,1.0,0.0,0.0,0.0,0.0,0.0,0.83362877368927,0.1008854166666666,0.39375,0.3291666666666666,1.0,0.0,0.0,0.0,0.0,0.0,0.7382681965827942,0.066240234375,-0.3875,-0.4625,1.0,0.0,0.0,0.0,0.0,0.0,1.0,0.0,0.0,0.0,0.0,0.0,0.0,EXPLORE,real_media,mixkit_table_06.mp4,1050.0,AVOID_PERSON,1.0,media_labeled_batch_A_real_corrected.csv,batch_A_real,mixed
9.478149598654774e-05,0.9999055928738796,0.0001063365223289,3.061605351973128e-05,0.0002017322856179,-2.614593194148524e-05,0.7989034723468077,0.0322099488044007,0.3843884903454781,0.2000269604583185,0.9998730057945886,-1.133548049964534e-05,6.035928981494979e-05,-0.0001172700498926,-0.0001280566446726,0.0001224680416612,0.5280253490341262,0.0417496685995482,0.43114326348245,-0.5459892759033723,4.289192417302546e-05,9.327352898379684e-05,0.9998772851158936,6.827947187428257e-05,-1.0065333767534394e-05,1.7334296691983973e-05,0.5731507616055295,0.0289122115678519,-0.7281558689365552,-0.0874812290745139,1.000206659379495,8.65296385951169e-05,-1.4757264189240837e-05,-6.77150597126124e-05,-9.22505565496434e-05,3.12170784940027e-05,1.0000176491663295,0.0,0.0,0.0,0.0,0.0,0.0,MOVE_TO_CHAIR,real_media,,,,,curated_real_balanced.csv,,
1.0,0.0,0.0,0.0,0.0,0.0,0.8393393754959106,0.12236328125,0.365625,0.3666666666666666,1.0,0.0,0.0,0.0,0.0,0.0,0.7674818634986877,0.08876953125,-0.51875,-0.4583333333333333,1.0,0.0,0.0,0.0,0.0,0.0,0.7261528968811035,0.0730729166666666,-0.38125,0.3625,1.0,0.0,0.0,0.0,0.0,0.0,1.0,0.0,0.0,0.0,0.0,0.0,0.0,AVOID_PERSON,real_media,mixkit_table_06.mp4,10.0,AVOID_PERSON,1.0,media_labeled_batch_A_real_corrected.csv,batch_A_real,mixed
2.123567097003939e-05,1.920585068247272e-05,0.9999523684733846,-1.0895256713129083e-05,9.953395788134707e-05,2.4542785575178924e-06,0.9352351721538952,0.0816309393708027,0.3093513433348488,0.1127360946040578,8.896309927058846e-05,-1.0091833038814825e-05,2.9160264291707208e-05,3.581686596338772e-05,-2.105268110127712e-06,6.078012774576376e-05,6.335447426297363e-06,-6.329690057758939e-05,4.106039425012044e-05,5.801828050926096e-05,6.74259157868302e-05,0.0001816851298168,-1.992464819770284e-05,-9.621233766413132e-05,6.896622399470713e-06,9.36938776433345e-05,8.170607974994441e-05,-5.212967766236928e-05,0.0001752909722494,-1.776904498438613e-06,6.397326076381457e-05,-3.683611464558812e-05,0.9999462108558486,-6.35648162622019e-05,4.659922809378449e-05,1.000023276467189,0.3331636525946733,0.0,0.0,0.0,0.0,0.0,0.0,CHECK_TABLE,real_media,,,,,curated_real_balanced.csv,,
0.0002042717282784,1.0001249266344887,-5.6098290873883306e-05,-0.0001421515111457,7.524828823619545e-06,-8.009879603520893e-05,0.7479604461071004,0.0680680272129413,0.0999225388214235,0.2375971328089695,0.9999442775872152,0.0001072598863556,-3.853233741353487e-05,9.066490784970966e-05,-7.347480709249834e-05,-0.0001609481536344,0.5638181685389757,0.0440138827249977,0.8437443314727051,0.1289988998463464,-9.235701948348193e-06,7.897246607264088e-05,1.0000890911178193,-5.312791493394069e-05,-0.0001606783758848,0.0002554372769592,0.7882245588507124,0.0232414001071798,-0.8435864043568716,0.049962553113255,1.000002837338067,-4.666344883190207e-05,4.826347549112421e-06,5.4763214380958505e-05,2.451563945735624e-05,-9.739092469991224e-05,1.0000847800222854,0.0,0.0,0.0,0.0,0.0,0.0,MOVE_TO_CHAIR,real_media,,,,,curated_real_balanced.csv,,
6.309400387367234e-05,-5.753104099929524e-05,1.0000738025103384,5.026979766006085e-05,-6.302315717689598e-05,2.755718481314012e-05,0.9284707010940928,0.0775158976146468,-0.7436885276954717,-0.1708353782131997,5.010981403417674e-05,1.0000044381258084,-5.4527829059980405e-05,4.4370136275113336e-05,-2.532927411399363e-05,0.0001093725320341,0.6180327599010919,0.0602227013188811,-0.5813433649087328,0.7917042978644393,0.0001168907823826,0.0001860997311823,-0.0002014684848474,0.0001818879802288,1.202365734820721e-05,9.592071276627616e-06,0.0001087251320496,-2.071311819306256e-05,-3.922873497646836e-05,-5.627586920530302e-05,8.890303649650008e-05,1.0000144030154874,9.864917417812946e-05,-3.881985735385197e-05,-4.534107214470448e-05,0.9999752722339366,0.6665734868741863,0.0,0.0,0.0,0.0,0.0,0.0,CHECK_TABLE,real_media,,,,,curated_real_balanced.csv,,
1.0,0.0,0.0,0.0,0.0,0.0,0.863161563873291,0.1048828125,0.378125,0.3875,1.0,0.0,0.0,0.0,0.0,0.0,0.8091603517532349,0.0815625,-0.390625,0.2958333333333333,1.0,0.0,0.0,0.0,0.0,0.0,0.6774208545684814,0.076875,-0.3875,-0.4541666666666666,1.0,0.0,0.0,0.0,0.0,0.0,1.0,0.0,0.0,0.0,0.0,0.0,0.0,CHECK_TABLE,real_media,mixkit_table_06.mp4,650.0,AVOID_PERSON,1.0,media_labeled_batch_A_real_corrected.csv,batch_A_real,mixed
0.9999516508557114,4.8992810760831526e-05,-3.266584619503037e-05,-0.0001197406887541,9.00623421500168e-05,-2.8447782565000703e-05,0.9394950176560872,0.1295611182739134,-0.1342533589552986,-0.0124672676686827,-0.0001387170192186,8.321352232473323e-05,0.9999986520019472,-5.581001605120266e-05,-0.0001844034342004,0.0001799805690972,0.7930438250425212,0.0467634523479078,0.3812625237493973,-0.395938649323505,5.966568678251403e-05,0.9999168384958984,-8.720486388326642e-05,-1.4991845463246248e-05,-3.663001311167909e-05,-9.524959149716716e-05,0.4507825279114626,0.064714339008414,-0.7998992405443158,0.3207423537638647,0.9999721603904512,-0.000132787086195,0.0001237998202563,0.0001218879539536,-3.842683825758519e-05,0.0001505381670499,0.9999413407251524,0.0,0.0,0.0,0.0,0.0,0.0,AVOID_PERSON,real_media,,,,,curated_real_balanced.csv,,
1.0,0.0,0.0,0.0,0.0,0.0,0.853493332862854,0.0326953125,-0.621875,0.6125,1.0,0.0,0.0,0.0,0.0,0.0,0.7776804566383362,0.0135026041666666,-0.478125,0.8666666666666667,1.0,0.0,0.0,0.0,0.0,0.0,0.6722731590270996,0.020947265625,-0.3375,0.6791666666666667,1.0,0.0,0.0,0.0,0.0,0.0,1.0,0.0,0.0,0.0,0.0,0.0,0.0,EXPLORE,real_media,mixkit_table_07.mp4,10.0,MOVE_TO_CHAIR,1.0,media_labeled_batch_A_real_corrected.csv,batch_A_real,mixed
-3.4314904969843634e-05,0.9999615834942084,5.324417153119591e-05,-3.975794876138809e-05,-1.598603673718099e-05,-1.2364311129148289e-05,0.6194330806296253,0.0581010447910932,-0.5969079316638667,0.0542504172034901,-1.6162489011954972e-05,-1.5378474199520808e-06,0.999941827736618,4.27378863157134e-05,0.0001023528058266,4.34515226944716e-05,0.7833038519049796,0.0590382350359216,-0.215772114861034,-0.1250565578089389,0.000143937715297,-6.332494487691706e-05,2.4648941524329047e-05,8.500375758011126e-05,1.1679040123792616e-05,-1.851718020355845e-05,-4.577259687093277e-05,-5.278396287621567e-06,-0.0001694435274418,-7.854545654940836e-05,-2.241039851720337e-05,-6.144488644804221e-05,0.9999191083607792,2.315275582964031e-07,0.0002050303251448,1.0000055494623437,0.6665752462279584,0.0,0.0,0.0,0.0,0.0,0.0,CHECK_TABLE,real_media,,,,,curated_real_balanced.csv,,
1.0000328727465706,-0.0001091261699252,4.701796332832933e-05,-8.100616187650262e-05,6.571664886286896e-05,0.0001719173699502,0.9221352675735524,0.0890772141434256,-0.1717881738186428,-0.4999304726790582,5.35206281144871e-05,0.0001315392239699,-0.0002432973472301,-1.4561953019535726e-05,-9.39902885729536e-05,4.078016309649765e-05,0.0001378767345355,2.7185243441631103e-05,-5.413376626535054e-05,6.250182766982206e-05,0.0002390051266157,-2.022084759620396e-05,-1.393511457082205e-05,4.800044207192327e-05,-9.143954573814156e-06,9.927955679190252e-05,-0.0001141165639719,-5.305845793205195e-05,-0.0002394520949768,9.633673523919251e-06,2.439595074132617e-05,0.9999283097590732,-8.522024934131685e-05,2.8698850578380165e-05,0.0002727008015003,0.9998719144200826,0.3333807256303992,0.0,0.0,0.0,0.0,0.0,0.0,AVOID_PERSON,real_media,,,,,curated_real_balanced.csv,,
1.0,0.0,0.0,0.0,0.0,0.0,0.8511220812797546,0.124609375,0.203125,-0.6583333333333333,0.0,1.0,0.0,0.0,0.0,0.0,0.3207976818084717,0.01703125,-0.115625,-0.6833333333333333,0.0,0.0,0.0,0.0,0.0,1.0,0.3424155414104461,0.670625,-0.075,0.2666666666666666,0.0,1.0,0.0,0.0,0.0,1.0,1.0,0.0,0.0,0.0,0.0,0.0,0.0,AVOID_PERSON,real_media,mixkit_table_05.mp4,220.0,AVOID_PERSON,1.0,media_labeled_batch_A_real_corrected.csv,batch_A_real,mixed
0.9999676590244088,-5.133530651056217e-05,9.424413889121532e-05,0.0002105939090651,-6.215016706644033e-05,-0.0001251767217281,0.8602105131948125,0.0752803768910848,0.1561740130511942,-0.0249784575237412,0.0001295097934719,0.9999063024621964,-9.70214389300665e-06,-5.098440132582266e-06,5.297508726969924e-05,7.101788465357193e-05,0.5482011658509036,0.0517619331532386,-0.8750522187701331,0.329035108736058,4.871267769746606e-06,8.295923544842025e-06,1.0001008066742345,-7.722115354152318e-05,0.0001190488069169,4.9897321094706976e-05,0.7743167942619886,0.0545292771408971,0.3375629805505538,0.7209171143167191,5.469697984007301e-06,1.0000116703447055,0.0001130737936789,4.500148355383852e-05,-9.021480304162288e-05,0.9998999885994312,1.0000440499850536,0.0,0.0,0.0,0.0,0.0,0.0,AVOID_PERSON,real_media,,,,,curated_real_balanced.csv,,
7.046114401653827e-05,-0.0001429137788776,0.0002012718654796,-0.0001959888459442,0.0002932106157415,0.9997567319218652,0.3374011078904605,0.0298345325284826,0.1030145811078687,0.0081472698454368,0.0002936119737682,-5.955976069309313e-05,-0.0002970935289803,0.0002109810756733,4.2754461443806686e-05,-0.0004301263224226,-0.000113920298609,-2.439472251946351e-05,-5.786334130514386e-05,0.000141552519181,-0.0002010208527751,-5.5479791504323104e-05,-4.452949654583999e-05,1.4946855067653276e-05,-3.2831975001530194e-05,-6.771975790058796e-05,0.0001581621773342,-9.99012614268464e-06,4.819151235338567e-05,9.69124194101735e-05,1.000185298916191,3.8956070324418365e-05,2.127053603492117e-05,1.133067015593031e-05,-0.000208004424017,2.2058349646416337e-06,0.3336594081515198,0.0,0.0,0.0,0.0,0.0,0.0,EXPLORE,real_media,,,,,curated_real_balanced.csv,,
0.0001526232660127,-8.034360299418976e-05,0.9999064365974364,-5.2293386216746446e-05,8.39423984469564e-05,1.358281322917496e-05,0.5980636155731507,0.0364105390522633,-0.4749840446316803,0.4040775149666261,0.0001052740731888,-3.178044256424651e-05,0.0001372903838144,9.941696544271676e-05,0.0001202358524314,-0.0001245084299922,2.541332468110932e-05,9.642381995948678e-05,-4.266918154579237e-05,5.089892816642168e-05,4.254073943139693e-05,-0.0001605445609216,-0.0001552004281443,-6.521879201976138e-05,-0.0001087625975165,7.870803925068672e-05,-1.174302384680163e-06,2.7178145181356333e-05,-0.0001269249668729,0.0001033596919397,1.0001338450746922,-4.627680352930807e-05,4.732876698897566e-05,8.115474171247974e-06,8.752128653330879e-05,4.301006677810804e-05,0.3333055630691707,0.0,0.0,0.0,0.0,0.0,0.0,EXPLORE,real_media,,,,,curated_real_balanced.csv,,
0.9999039083601238,2.8113625184388844e-05,-0.0002383675365751,-5.59623040372403e-05,-3.786457954457732e-05,-0.0001238841231529,0.7145683399195457,0.0184520202377655,-0.5938329592997871,-0.0625103093606128,0.999971233622718,0.0001156416425162,8.177423643182002e-05,-9.482535487440058e-05,-3.622579449992749e-05,-4.292769043083584e-05,0.5717210808319725,0.0142367974290783,-0.862692870529287,-0.1457828489102376,-5.932536866356191e-05,0.9998752731018244,-5.574033283338092e-05,6.553292375471712e-05,5.425381753210703e-06,-0.0001034474896409,0.7177148303799086,0.016844445230891,0.11568329686112,0.8207589460201624,0.9999689445600792,-0.0001128438783476,0.0001053645661454,-7.804381917316327e-05,2.5385224112678107e-05,-0.0001391534720034,1.0000266585870063,0.0,0.0,0.0,0.0,0.0,0.0,CHECK_TABLE,real_media,mixkit_table_07.mp4,324.0,CHECK_TABLE,1.0,curated_real_balanced.csv,,
8.663935431466456e-05,1.000029927510424,3.890816818516936e-05,-0.0001292773229139,-2.569631461403292e-05,6.899472081724973e-05,0.8235072629632355,0.0697891894501611,0.093808035654018,0.3041495656956833,1.0001433793266523,6.97231567693883e-05,-0.000102161425195,5.1651296685755245e-06,0.0001477989877283,-0.0001293844368155,0.4464518815540107,0.0663595493618104,0.5405405888397891,0.1124026757203801,-5.70644424910311e-05,-0.0001320175525919,1.000164591000723,-3.566891687130049e-05,-6.696115514344057e-05,9.419692886915948e-05,0.6228315954910029,0.0391046751878397,0.2874575249567517,0.3456592316177823,-8.710511240332229e-05,5.2411857003074405e-05,-9.396562914528594e-05,0.9999746049356988,-5.376734920130158e-05,0.9998909424257344,0.9999442933749996,0.0,0.0,0.0,0.0,0.0,0.0,MOVE_TO_CHAIR,real_media,,,,,curated_real_balanced.csv,,
1.0002785924812834,-0.0001687467412647,-0.0002035863783696,1.0321810067268511e-05,-0.000199703262286,-1.4321641193916324e-05,0.9300812540332388,0.0672519988422331,-0.1218808889856112,0.2540739410011714,0.0001215341057736,1.000019001570227,6.286779338194177e-05,-0.0001173755421988,3.729678775925638e-05,-0.0001141124838126,0.6676690666322407,0.0368242941497081,0.0843933381879483,0.1459425250456706,1.592560699774325e-05,-1.785070413576786e-05,1.0000153259264126,-0.0001795549030024,-4.423461310063287e-05,2.251856900114584e-05,0.7034061546937415,0.0477873605616103,-0.0375361389285715,0.0750252211126455,0.0001987876836479,1.0000795134380158,0.000214832171466,1.6105086453809297e-05,-0.0001512035483028,0.9997517755751628,0.9998750834841909,0.0,0.0,0.0,0.0,0.0,0.0,AVOID_PERSON,real_media,,,,,curated_real_balanced.csv,,
1.0,0.0,0.0,0.0,0.0,0.0,0.8805178999900818,0.0949609375,-0.346875,-0.4208333333333333,1.0,0.0,0.0,0.0,0.0,0.0,0.8144881129264832,0.1101236979166666,0.38125,0.3458333333333333,1.0,0.0,0.0,0.0,0.0,0.0,0.8414101004600525,0.073671875,-0.41875,0.35,1.0,0.0,0.0,0.0,0.0,0.0,1.0,0.0,0.0,0.0,0.0,0.0,0.0,MOVE_TO_CHAIR,real_media,mixkit_table_06.mp4,190.0,AVOID_PERSON,1.0,media_labeled_batch_A_real_corrected.csv,batch_A_real,mixed
0.999946102999518,-2.188141551227686e-05,7.948814395746386e-05,0.0001076879689002,-0.0001205195559402,6.567606403144533e-05,0.759340233748272,0.0756791068992202,-0.384373943436169,-0.4083954187449605,0.999988229457949,-5.8947390655732735e-05,1.7807659374198953e-05,3.911872126877073e-05,0.0002069341805442,8.769215114250766e-05,0.7368107475354048,0.0913658497085673,0.3940669060643744,0.3917622445964211,0.9999642185145754,-3.0468843619038444e-05,1.6971499179923302e-05,-2.0518973434009407e-05,0.0001932651872595,2.651569063130121e-05,0.7548919910547531,0.0692055393387566,-0.4124774876374886,0.3417549677898471,0.999881548845382,-0.000153102242809,-3.0945460190874e-05,5.063561280921487e-05,0.0002404788774052,9.965711219976676e-05,1.0000261769712333,0.0,0.0,0.0,0.0,0.0,0.0,CHECK_TABLE,real_media,mixkit_table_06.mp4,924.0,CHECK_TABLE,1.0,curated_real_balanced.csv,,
2.868367452707192e-05,6.076160353163259e-05,1.0000692767884434,0.0001466336594646,-0.0001605087182434,-3.2938324750124296e-05,0.4911895728508659,0.0445666611086907,0.0155512521308743,0.716689961262808,-5.512689406650499e-05,-9.933309671541792e-05,-2.635503474004276e-05,0.0001763691528248,-4.906376088907848e-05,5.804626285998912e-05,-2.4497382440401985e-05,2.1598745804088777e-05,-0.0001196839103894,2.8221975994285387e-05,-4.076509685984854e-05,1.387086821635176e-05,-6.04558595460291e-05,0.0001969795773989,9.65131169775259e-07,-2.669873214505571e-05,0.0001264558257985,-2.479574178381437e-05,-6.430792382255321e-05,5.553523636366109e-05,0.9999603021625986,-0.0001252408702613,-8.290536971994138e-05,-0.0001444854725497,-7.019551341180485e-05,0.0001945892021181,0.3333339630456288,0.0,0.0,0.0,0.0,0.0,0.0,EXPLORE,real_media,,,,,curated_real_balanced.csv,,
-5.468681963682872e-05,-0.0001308664745022,7.207299999556854e-05,-6.409934174029208e-05,-1.1537080802370311e-05,1.0002026032550122,0.3799240215371455,0.9905152979705922,-1.6352731597043348e-06,-0.0083550575464254,-3.603492113874297e-05,-0.0001107980672408,0.0001134890968673,6.248990014049857e-05,6.472051836313089e-06,9.188108370129204e-05,-0.0001178188735378,1.2611003899196744e-05,1.4242261691059303e-05,0.0001286027609795,2.58608702847668e-05,2.328589235589685e-05,8.093601114624425e-05,0.0001080589279801,-9.007510276394532e-05,6.735203014498452e-05,-0.000176511316422,-2.2409553837114e-05,-1.1972989445629169e-05,0.0002124802995753,-6.469888095111567e-05,-4.836138977299003e-05,1.000160418682812,-0.000217496871983,2.836667321293723e-05,1.000000869060056,0.3330718074231135,0.0,0.0,0.0,0.0,0.0,0.0,EXPLORE,real_media,,,,,curated_real_balanced.csv,,
-1.215688294587424e-05,0.9999978845990116,0.0001224049559406,0.0001544480345998,0.0001705595111675,8.783028192268365e-05,0.8483344088758542,0.0309830251618255,0.6842183723332227,-0.1040419019669302,4.8396977592265096e-05,1.0000194355988727,0.0001602627811442,0.0001783203244832,2.890237539045433e-06,5.510169035954216e-05,0.5223098480779537,0.0396746178436004,-0.8719515926370528,0.0581207714965955,0.9998515354606632,5.194075789052142e-05,8.084629215226756e-08,2.035383640679515e-05,-8.199920787006422e-05,-1.198284670605195e-05,0.2642178872470203,0.0574040719413915,-0.2280522618222926,0.7291931351369269,1.0001314695350831,-4.164157925613732e-05,0.0001244862359598,3.935248126791443e-05,-1.6830316852297085e-05,2.73240137306497e-05,0.9999479340565498,0.0,0.0,0.0,0.0,0.0,0.0,CHECK_TABLE,real_media,mixkit_table_03.mp4,72.0,CHECK_TABLE,1.0,curated_real_balanced.csv,,
1.0,0.0,0.0,0.0,0.0,0.0,0.832900881767273,0.1199153645833333,0.3875,0.2875,1.0,0.0,0.0,0.0,0.0,0.0,0.8455976843833923,0.08416015625,-0.365625,0.35,1.0,0.0,0.0,0.0,0.0,0.0,0.7454409599304199,0.1029361979166666,-0.321875,-0.4208333333333333,0.0,0.0,1.0,0.0,0.0,1.0,1.0,0.0,0.0,0.0,0.0,0.0,0.0,MOVE_TO_CHAIR,real_media,mixkit_table_06.mp4,350.0,AVOID_PERSON,1.0,media_labeled_batch_A_real_corrected.csv,batch_A_real,mixed
1.0,0.0,0.0,0.0,0.0,0.0,0.7817696928977966,0.102744140625,0.384375,0.3708333333333333,1.0,0.0,0.0,0.0,0.0,0.0,0.7506375908851624,0.0717447916666666,-0.409375,0.3416666666666667,1.0,0.0,0.0,0.0,0.0,0.0,0.616553008556366,0.0763118489583333,-0.3875,-0.4125,1.0,0.0,0.0,0.0,0.0,0.0,1.0,0.0,0.0,0.0,0.0,0.0,0.0,CHECK_TABLE,real_media,mixkit_table_06.mp4,800.0,AVOID_PERSON,1.0,media_labeled_batch_A_real_corrected.csv,batch_A_real,mixed
1.0,0.0,0.0,0.0,0.0,0.0,0.8947458863258362,0.325078125,0.421875,-0.0875,0.0,0.0,0.0,0.0,0.0,1.0,0.6557612419128418,0.026728515625,0.625,0.6458333333333334,0.0,0.0,0.0,0.0,0.0,1.0,0.583831250667572,0.02197265625,0.925,-0.0416666666666666,1.0,0.0,0.0,0.0,0.0,0.0,1.0,0.0,0.0,0.0,0.0,0.0,0.0,AVOID_PERSON,real_media,mixkit_table_05.mp4,10.0,AVOID_PERSON,0.0,media_labeled_batch_A_real_corrected.csv,batch_A_real,mixed
-2.770451060884301e-06,1.0000283274235475,-5.200405187618048e-05,-8.322338544288224e-05,0.0001598927875246,3.5687163949979216e-05,0.6611827554120024,0.0778816420959893,-0.1311903516246302,-0.3582059970236474,-4.070739939175128e-05,-4.4571879623679854e-05,1.000035677252944,4.1827257811890297e-05,-0.0001642173662645,-5.627333475971898e-05,0.8169332053750987,0.0714493421591704,-0.3186934306053897,0.2335016347318932,-0.0002076614272613,-0.0001327523138711,-8.554365305303675e-05,2.0646802033778585e-05,0.0001620565772018,-2.931641000508248e-05,-7.685231255439129e-05,-0.0001268154143614,0.0001229631125094,0.0002008765413337,-5.7746269462632816e-05,-7.997552164833761e-05,1.0000157397381146,9.407623300059794e-05,3.150261095799601e-05,0.999948909396156,0.6666653247858644,0.0,0.0,0.0,0.0,0.0,0.0,CHECK_TABLE,real_media,,,,,curated_real_balanced.csv,,
1.0,0.0,0.0,0.0,0.0,0.0,0.8814314603805542,0.10958984375,0.365625,0.3791666666666666,1.0,0.0,0.0,0.0,0.0,0.0,0.7731893658638,0.0811393229166666,-0.396875,0.3291666666666666,1.0,0.0,0.0,0.0,0.0,0.0,0.468086689710617,0.0073372395833333,0.959375,-0.2458333333333333,1.0,0.0,0.0,0.0,0.0,0.0,1.0,0.0,0.0,0.0,0.0,0.0,0.0,CHECK_TABLE,real_media,mixkit_table_06.mp4,670.0,AVOID_PERSON,1.0,media_labeled_batch_A_real_corrected.csv,batch_A_real,mixed
1.0,0.0,0.0,0.0,0.0,0.0,0.6439415812492371,0.0248111979166666,0.640625,0.6333333333333333,1.0,0.0,0.0,0.0,0.0,0.0,0.6201586127281189,0.0236328125,-0.1875,0.7,0.0,1.0,0.0,0.0,0.0,0.0,0.695492684841156,0.0153385416666666,-0.1875,0.8375,0.0,0.0,1.0,0.0,0.0,1.0,1.0,0.0,0.0,0.0,0.0,0.0,0.0,MOVE_TO_CHAIR,real_media,mixkit_table_07.mp4,150.0,MOVE_TO_CHAIR,1.0,media_labeled_stage2_curated_train_20260506.csv,batch_stage2_train_20260506,occlusion
0.9999671793364516,-3.598342017632475e-05,8.045242861059678e-06,-9.741958144758622e-05,4.69729336352359e-05,7.507834846169446e-05,0.7752838163435608,0.1273451339333932,-0.2751232950861427,0.079252788503278,-9.33464782101067e-05,0.9999190548058812,6.614094784782791e-05,-1.6970547923849926e-05,0.0001477142494272,-3.087702371309316e-05,0.7729279002631733,0.0551836986498611,0.2095202917262223,-0.2583083368000658,1.9194950707071e-05,-9.266410491189694e-05,0.9999546600313054,-2.5217872237120576e-05,-0.0001630771362132,-3.2597477552026786e-05,0.4596653502829056,0.0507350244214285,0.5312223974946229,0.358546232672949,-0.000108326390622,0.9998634035073282,-0.0001555046734372,-1.917128031645348e-05,7.082420686617588e-05,1.0000402695590191,1.0000373724645146,0.0,0.0,0.0,0.0,0.0,0.0,AVOID_PERSON,real_media,,,,,curated_real_balanced.csv,,
0.0,0.0,0.0,0.0,0.0,1.0,0.3877019882202148,0.3711393229166667,-0.13125,0.4833333333333333,0.0,0.0,0.0,0.0,0.0,0.0,0.0,0.0,0.0,0.0,0.0,0.0,0.0,0.0,0.0,0.0,0.0,0.0,0.0,0.0,0.0,0.0,1.0,0.0,0.0,1.0,0.3333333333333333,0.0,0.0,0.0,0.0,0.0,0.0,EXPLORE,real_media,g_batchG_table_finances_closeup_360p.mp4,40.0,EXPLORE,1.0,media_labeled_stage2_curated_train_20260506.csv,batch_stage2_train_20260506,table_focus_clutter
-1.882417010438716e-05,1.0001025029876371,4.670812207483285e-05,-0.0001666248834555,0.0001087790833916,-5.299269531287419e-05,0.7686600821147848,0.0676538323975217,-0.2685331353966589,0.0084227083941479,1.0001883311557125,3.599750216434504e-05,-1.1485545400099517e-08,0.0001065766916579,2.723744065485471e-05,-1.4262997536669126e-05,0.4328905815305086,0.0692498047487065,0.4876231441567301,-0.0666866192760125,-0.000392238615983,5.533345713254654e-05,0.999892551300986,-7.98841999880148e-05,-6.23342054062131e-05,3.490352480861215e-05,0.7104912717793341,0.0321866163369041,0.0221051669044585,0.1584260224034608,6.433934313178844e-05,-7.667749429666565e-05,7.433413246794147e-05,-5.580409712881528e-07,1.000233499852728,1.0001758950049056,1.0000289572367016,0.0,0.0,0.0,0.0,0.0,0.0,MOVE_TO_CHAIR,real_media,,,,,curated_real_balanced.csv,,
0.9999927019225572,8.563446666291244e-05,-3.3466803554517015e-05,-0.000233743355995,8.084841100937823e-05,0.0001233404783269,0.8194037987850734,0.1120511647510285,-0.015670848253442,0.1083504698367218,-0.0001021878980589,0.9999142028706924,6.293350173408213e-05,-2.1860943483725348e-05,-5.142328876888154e-05,4.038391461860933e-05,0.5220126907351174,0.039548741320755,-0.0437780791943283,0.3543229839795103,7.112323067828597e-05,9.837439699469787e-05,1.0000367693780947,-1.3749834849424248e-05,1.0680397738867918e-06,-5.9493495368887655e-05,0.599727286942886,0.0481708285774855,0.4278821253031912,0.1998739132113203,0.9998807253412356,6.534838707260533e-05,6.256422819546148e-05,-4.127427178808205e-05,0.0001505123005074,-3.805132746781983e-05,1.000053923317185,0.0,0.0,0.0,0.0,0.0,0.0,AVOID_PERSON,real_media,,,,,curated_real_balanced.csv,,
0.0001173926560206,4.393593836292948e-07,8.773627817818138e-06,1.000088566113317,-6.574690987922936e-05,0.0001415675404561,0.5453855523153694,0.1020049625533972,-0.5222233996714771,0.4543156592867772,-0.0001172429625169,5.2596803139167146e-05,-0.0001758652025888,-6.55532787243205e-06,5.720306628784846e-05,-0.0001090291026116,-2.1344202591053065e-05,-0.0001391560227488,-7.968030776666408e-05,3.159778476063182e-05,0.0001924183410859,0.0003564515134274,-0.0001521828405064,-5.066738094223318e-05,0.0001960615115243,-0.0002324541835664,-2.7856290586794186e-05,4.889860310553466e-05,-0.0001623215638134,-2.435034871348953e-05,0.9999445534017732,-2.1050792417280146e-06,9.53889623036091e-05,-1.798418663528243e-05,4.9969064260598926e-05,0.0003015266678118,0.3332500143525175,0.0,0.0,0.0,0.0,0.0,0.0,EXPLORE,real_media,,,,,curated_real_balanced.csv,,
1.0,0.0,0.0,0.0,0.0,0.0,0.8590042591094971,0.08767578125,-0.378125,0.325,1.0,0.0,0.0,0.0,0.0,0.0,0.8391115069389343,0.1062369791666666,0.39375,0.3416666666666667,1.0,0.0,0.0,0.0,0.0,0.0,0.8514909744262695,0.0903157552083333,-0.33125,-0.4625,0.0,0.0,0.0,0.0,1.0,1.0,1.0,0.0,0.0,0.0,0.0,0.0,0.0,AVOID_PERSON,real_media,mixkit_table_06.mp4,160.0,AVOID_PERSON,1.0,media_labeled_batch_A_real_corrected.csv,batch_A_real,mixed
9.833607335171164e-05,0.999958436821801,-4.174403879437193e-06,-0.0001413163132065,-0.0001621253772423,4.0008936415770426e-05,0.6081153841777226,0.0496417536541872,-0.4750756536997809,0.3041120416628305,0.0001469174598326,0.0001771924357195,1.0001084955368114,-1.2970382827333191e-05,0.0001206415250635,-8.531120485005788e-05,0.8565507721419562,0.0581923324314786,0.1250035801296084,0.0582838065643473,1.7667316707325508e-06,-0.0001268891757047,1.861802337710746e-05,5.152899946703308e-05,9.291839730264672e-05,-0.0001260845335278,3.5795839724334465e-05,3.480603827225526e-05,6.808767996659761e-05,0.0001656321264521,0.9999972487850868,0.0002191147028262,4.62376400375357e-05,7.208466280823426e-05,5.369826464984097e-05,0.000156508493169,0.6667395725469335,0.0,0.0,0.0,0.0,0.0,0.0,CHECK_TABLE,real_media,,,,,curated_real_balanced.csv,,
1.0000424345160146,2.9605621651076253e-05,7.8497798555524e-05,-5.873871601953212e-06,0.0001817173948683,3.928733773424407e-05,0.933845262111472,0.0783209262205425,-0.0155474446133002,0.1500623231681231,5.8185600671222776e-05,0.0001924658580874,4.6589058964690746e-05,6.38065072153296e-05,4.5992972257617415e-05,9.497589844857496e-05,-8.698603148584477e-05,-0.000140293727023,1.9256241565482813e-05,0.0001241980246038,-0.0001102368932685,4.263246348197824e-05,4.121093662937452e-07,-0.0001756117753694,2.6609233058306542e-05,-6.712713284808732e-05,-0.0001483676602821,0.0001907964087485,-2.1561204922598065e-05,0.0001066460427782,-6.214029417109796e-05,1.000113616396949,-6.313866204022217e-06,3.913074042201595e-05,7.166877218338503e-05,0.9999654791502685,0.3332383058961034,0.0,0.0,0.0,0.0,0.0,0.0,AVOID_PERSON,real_media,,,,,curated_real_balanced.csv,,
-0.0001143808862907,0.9999867094428722,8.648088638692564e-05,-6.621729505700268e-05,1.976274673800513e-05,2.9465821815787653e-05,0.7686930168910766,0.0482055129955926,-0.0344077167599314,-0.5666899143339573,0.0001358273180209,7.357565357173662e-05,0.999909852498122,9.619643393373436e-05,-5.256903110984343e-05,-6.404541208252398e-05,0.5883585016790347,0.0734107563974596,-0.5531819985883704,0.5333562219620138,9.227728520200998e-05,3.206298796875178e-05,-0.0001617624939786,-9.6333134807607e-05,-1.556930121512146e-05,-0.0001463292022957,-6.835814689877934e-06,2.7592438060490733e-05,-8.161322756024692e-05,-7.391666687038677e-05,2.864025724317026e-05,4.740593443182262e-05,0.0001636839429772,1.0000286781070726,0.0001208307455506,1.0000500002917383,0.6665552822713227,0.0,0.0,0.0,0.0,0.0,0.0,MOVE_TO_CHAIR,real_media,,,,,curated_real_balanced.csv,,
-5.892073754356021e-05,1.0000363595767217,-5.928266391185155e-05,2.678252814634429e-05,-0.0001031245824636,-2.1242125962368053e-05,0.7293408604443802,0.0423294427188722,0.1842870930454328,-0.4748209227799143,-4.50102384563521e-06,4.531728634907285e-05,1.0001167827658186,6.144602246417158e-05,-6.424496305015493e-05,4.4452407748273616e-05,0.5589339480414968,0.0554569104163004,-0.0032283463491087,0.4499400642484054,-0.0001104092616871,-6.733114668279622e-05,-0.0001551202650029,-5.2192249431374194e-05,0.0002372611168263,3.022073443135685e-05,7.521240732620675e-05,-4.415666455751957e-05,-0.0001192902197649,1.13999985132258e-06,0.9997651509347149,-4.5021924734073e-05,3.07850388957662e-05,0.0001734498319771,-3.9386209949720165e-05,0.000196669144327,0.6665901109185421,0.0,0.0,0.0,0.0,0.0,0.0,MOVE_TO_CHAIR,real_media,,,,,curated_real_balanced.csv,,
0.0001253544964774,-0.0001014045234331,0.999945637025198,0.0001551849579801,-6.668291580223523e-05,6.94934072354152e-06,0.9879645714145308,0.0781008538069732,0.0217638071297531,0.4209482667619285,-1.5932319528829054e-05,2.8305219932733457e-05,4.558424029742389e-05,-5.8186407927532006e-05,2.1560903125680323e-05,-0.000248808372674,0.0001364137845128,-7.807155865816537e-05,-0.0001767305616413,-0.0002704379742426,-2.4818618157261274e-05,-4.9852460707976505e-05,-1.6016269282097126e-05,3.116180448808797e-05,4.985892361424286e-05,4.481201735603289e-06,-0.0001660389809193,-7.591247544353396e-05,0.0001433238646026,7.868380335580867e-05,-6.596353127643645e-05,1.0001670428798874,0.0001928317830539,-0.0001626599451031,-8.843282191629153e-05,0.999872718906474,0.3333663206098062,0.0,0.0,0.0,0.0,0.0,0.0,CHECK_TABLE,real_media,,,,,curated_real_balanced.csv,,
-0.0001217317891449,9.28311797512383e-05,2.3843673815532367e-06,-0.0002142995916684,-1.0925805972241058e-05,-5.200452913966332e-05,-5.24312872438875e-05,-0.0001617549566158,-0.000221306488681,-9.94765238807203e-06,3.2768683784048875e-05,0.0001030969031518,3.2308054420564324e-05,7.876644378633285e-05,0.00014432377637,-1.3566076815850212e-05,2.9196450713761465e-05,0.0001004758538164,9.497598570098252e-06,-6.680461462377744e-05,0.0002153734760154,-0.0001404272036214,0.0002630386225001,5.195093628704952e-05,-7.200296196843989e-05,-8.62867529142839e-05,-4.751477703653918e-06,-1.537966066495839e-05,0.0001391304910813,0.0001948106790814,7.796026642872495e-05,-5.452760833477097e-05,-3.479453339071923e-05,1.0000524934954234,-4.042680283191373e-05,0.999985510313844,-0.0001495067562804,0.0,0.0,0.0,0.0,0.0,0.0,EXPLORE,real_media,,,,,curated_real_balanced.csv,,
-3.533579766796379e-05,0.9999071420260294,-0.0001991617844781,-0.000114463840446,-0.0002113140683849,4.616587945987073e-05,0.8471902766707314,0.0617127416089109,-0.2657261915714433,0.5751284126468134,0.9999832018669064,9.528691415269332e-05,-5.983919919659639e-05,-0.000156286947556,-0.0001827163126548,5.637602289220946e-05,0.5443762510218605,0.0429918777878849,0.8312091707626961,0.2540759780495573,-0.0001736105257293,0.0001078201716992,1.0001836651822194,-0.000142088817062,-6.943132939659714e-05,6.330340581720516e-05,0.5693698445376711,0.046601785434547,-0.7560855394111656,-1.5249950437261207e-05,-5.3813712535077925e-06,-3.942734799947728e-05,2.99355329901442e-05,-3.472031393662752e-05,1.00002108158229,1.0000211003705508,0.9998849450288836,0.0,0.0,0.0,0.0,0.0,0.0,MOVE_TO_CHAIR,real_media,,,,,curated_real_balanced.csv,,
-0.0003243896120085,1.0000564020630889,-0.000116408905913,6.875295325584433e-05,-3.915943281772866e-05,2.2215166975627084e-05,0.9842323574675332,0.0558693166564679,0.3001126561670129,-0.4624735685478247,-9.386123824881616e-05,8.535935087514012e-05,0.9999103563582566,0.0001182929832581,-3.134909945646588e-05,3.471290352184256e-05,0.6590894006424037,0.0374009776816796,-0.0092511368363783,0.2041837738881625,-6.181749659284895e-06,-0.0002320353264528,0.0001976952024069,-3.5405997517124136e-05,-7.168841277791539e-06,0.0002712999748845,2.190705698878587e-05,-0.0001455991781617,-1.0288317799753372e-05,8.308193071462954e-05,0.9999346138676768,-5.910938983752855e-05,-0.0001370000695996,-0.0001976397705618,-2.853367781720473e-05,-0.0001734171484822,0.6668952540201529,0.0,0.0,0.0,0.0,0.0,0.0,MOVE_TO_CHAIR,real_media,,,,,curated_real_balanced.csv,,
1.0,0.0,0.0,0.0,0.0,0.0,0.8114446997642517,0.1028255208333333,0.4,0.325,1.0,0.0,0.0,0.0,0.0,0.0,0.8063104748725891,0.098388671875,-0.3875,0.3958333333333333,1.0,0.0,0.0,0.0,0.0,0.0,0.7066522240638733,0.069716796875,-0.3875,-0.4541666666666666,1.0,0.0,0.0,0.0,0.0,0.0,1.0,0.0,0.0,0.0,0.0,0.0,0.0,EXPLORE,real_media,mixkit_table_06.mp4,1040.0,AVOID_PERSON,1.0,media_labeled_batch_A_real_corrected.csv,batch_A_real,mixed
1.0,0.0,0.0,0.0,0.0,0.0,0.8286516666412354,0.10390625,0.396875,0.325,1.0,0.0,0.0,0.0,0.0,0.0,0.8210014700889587,0.09375,-0.39375,0.3958333333333333,1.0,0.0,0.0,0.0,0.0,0.0,0.7109647989273071,0.0670149739583333,-0.3875,-0.4583333333333333,0.0,0.0,0.0,1.0,0.0,1.0,1.0,0.0,0.0,0.0,0.0,0.0,0.0,EXPLORE,real_media,mixkit_table_06.mp4,1060.0,AVOID_PERSON,1.0,media_labeled_batch_A_real_corrected.csv,batch_A_real,mixed
1.0001388783452936,0.0002324632091572,-0.0002098269236215,0.0002083800357009,-2.264142701576755e-05,-9.085144178627e-05,0.5589013855653105,0.0507534838247799,0.6874142106922684,-0.0248951878887758,5.487555427666709e-05,5.669120655158863e-05,1.000175911658513,0.0001068624046715,5.273337891793346e-05,-2.991387594299073e-05,0.929399617150234,0.0429826188890276,-0.4904616553568049,-0.1710273834355308,-0.000159221261025,1.0000144579330703,-6.879565639416441e-06,-1.5837855201057934e-05,-4.6071586447395535e-05,0.0002026124001473,0.5950106184845825,0.0355255849355724,-0.6407106742993772,0.0542107715976919,1.0000239802793565,-3.747346969655693e-06,-1.907303893566984e-05,0.0001734119745396,3.833789603750663e-05,-1.4353787654973845e-05,1.0000079056660518,0.0,0.0,0.0,0.0,0.0,0.0,CHECK_TABLE,real_media,,,,,curated_real_balanced.csv,,
0.0001675652169303,0.9997368636356084,-6.386293492075867e-05,9.131883531028792e-05,-3.384202211201784e-05,-0.0002184452692575,0.7264544838492402,0.0461926075407733,-0.4623330596526759,-4.046094017992087e-05,0.0001736540766388,0.0001145974760218,0.999904699693942,7.481113114015027e-05,8.266123441565388e-05,-3.422501322902689e-05,0.7942033844313395,0.0382512814654554,-0.0811604239324052,-0.2333710607032922,0.0001019629580139,0.0001353602040455,-0.0001020770632446,5.1012114918288914e-05,-1.5775089024191543e-05,-8.211460687681213e-05,8.189362069543922e-05,-0.0001645857506993,-1.4405899427941476e-05,0.0002926658447102,-8.135465557645214e-05,1.0000291059244508,-0.0001818519418433,-8.730753663101742e-05,8.199764867655284e-05,1.0000553123216536,0.666579541046684,0.0,0.0,0.0,0.0,0.0,0.0,CHECK_TABLE,real_media,,,,,curated_real_balanced.csv,,
0.0001661897426658,0.0001169210848266,0.0001298915365166,0.0002222966857208,-5.340473233677254e-05,0.9999284681579756,0.5149258451202707,0.0766937956927204,-0.5437378152516728,-0.3499104639640991,-8.647269036815124e-06,-0.0001772298202554,0.0002896010791375,-9.223588295542933e-06,6.370152734221198e-05,0.9999815658770276,0.4892310358141321,0.0227551546291676,-0.6530211157723933,-0.1167593038804627,3.3037229690670715e-06,0.0003057889109359,-0.000171517791778,9.114042188918126e-05,-4.853554131628408e-05,0.0001386605195412,-6.473618824443149e-05,0.0002192433745474,-0.0002584967688255,-0.0002046497609188,1.0001414401375146,-0.0001745876111624,-0.0001935595269386,-2.852865582431876e-05,-2.1393209280569792e-05,-0.0001125612082611,0.6668357666286204,0.0,0.0,0.0,0.0,0.0,0.0,EXPLORE,real_media,,,,,curated_real_balanced.csv,,
0.000137718571142,0.9999035213285302,4.399778092477316e-05,3.243858027165984e-05,-8.318492885115384e-05,-2.8339778978961784e-05,0.7386480840963465,0.0504575565730012,0.0438183478544042,0.3666411751091825,-2.056742783163506e-05,-2.222572986568773e-05,-4.7910058872523264e-05,-7.712038170998627e-05,6.618545442526453e-05,-1.7199979043472086e-05,0.0001311244412475,-0.0001074550160088,6.045593599581391e-05,7.996633490795831e-05,-2.731086938869931e-05,-8.13344011211794e-05,0.0001123843382745,9.42536620731984e-05,9.516881742482493e-05,8.164777701035314e-05,4.2269217428251454e-05,-2.0208524289901523e-05,0.000143946333107,0.0001960360130406,0.0001124522992559,0.0001775228507112,-0.0001634542241976,1.0000039873380406,-4.045038924420216e-05,0.9998933964768985,0.3331278622239931,0.0,0.0,0.0,0.0,0.0,0.0,MOVE_TO_CHAIR,real_media,,,,,curated_real_balanced.csv,,
0.0001200909008339,1.0001134692510096,3.823603411426535e-05,0.0001828127730051,-2.7895295282786967e-05,-4.048288319995727e-05,0.3098342210700824,0.0788897790479803,0.115754137005689,0.3248761948361086,8.693834664226669e-05,0.0001301330309075,-6.768857984029709e-06,0.9999613459265666,-3.210142259757776e-05,-0.0001302653860662,0.3681678402564557,0.0185504504393022,0.5371656823177242,-0.7709216480588599,-9.122420618946508e-05,0.0001056574140915,-0.000160789058627,-7.531187475098161e-05,-6.624898778536743e-06,0.0002648842835034,0.0002077142488187,-0.0001420628433088,-0.0001642015991659,-2.850257717837525e-05,-0.0001066377303042,0.0001880882559933,2.500406944661725e-05,1.000048980153496,-7.244932738931201e-05,1.000071344504374,0.6665038923833633,0.0,0.0,0.0,0.0,0.0,0.0,EXPLORE,real_media,,,,,curated_real_balanced.csv,,
-3.0462576528422043e-05,0.999897050503723,-1.2693370539054225e-05,0.0002286347954266,-5.53768555391853e-06,-0.0001044277675008,0.917437100516714,0.032663522334444,-0.256205325030487,0.2209018799144666,1.0475821939223755e-05,6.405142814739864e-06,0.9999130702258232,-0.0002467544840254,9.798523402265068e-05,-3.793618299735386e-05,0.4438578789031177,0.0217986484254206,-0.8437208027049915,0.5250187875266915,-0.0001266677588713,-2.646761259426704e-05,-4.7696626783339184e-05,-3.983088219858764e-05,0.00025731069034,-0.0001430890957443,0.0001043715190307,-3.099000167935721e-05,-0.0001011781695904,-3.972205314227164e-05,0.999894712853745,-3.0784678418668e-05,-0.0002140909675129,-9.523112064352671e-05,3.199220128602953e-05,-0.0001335495127581,0.6666037881797291,0.0,0.0,0.0,0.0,0.0,0.0,MOVE_TO_CHAIR,real_media,,,,,curated_real_balanced.csv,,
-2.941915814471142e-05,0.999997282660717,-0.0001160957778833,-9.742377535397289e-05,-3.226179717649867e-05,-0.0001150609359769,0.7692470371980635,0.0611462091873615,-0.7219189610737221,0.3875460187850354,-1.3730621000249855e-05,5.319064453425925e-05,-1.7304908480328413e-05,-1.4009638636022593e-05,-0.000114302200595,8.780732828965385e-05,0.0001021232668838,-1.545867075831762e-05,0.0001269821449776,2.7945546111057323e-05,5.538209811410492e-05,-9.876135690544034e-05,-0.0002152893492253,7.644509764794942e-05,0.0002609589126965,-5.91776943611884e-05,6.965128208705537e-06,6.764561934316789e-05,0.0001279341051046,1.0837824476494436e-05,7.128422936903683e-05,-6.319774812686379e-05,-3.0293852575444786e-05,0.0001061119820289,1.0000261433935935,0.9997810512379778,0.3333330735690655,0.0,0.0,0.0,0.0,0.0,0.0,MOVE_TO_CHAIR,real_media,,,,,curated_real_balanced.csv,,
0.0,0.0,0.0,0.0,0.0,1.0,0.3298906087875366,0.38083984375,-0.121875,0.4875,0.0,0.0,0.0,0.0,0.0,0.0,0.0,0.0,0.0,0.0,0.0,0.0,0.0,0.0,0.0,0.0,0.0,0.0,0.0,0.0,0.0,0.0,0.0,1.0,0.0,1.0,0.3333333333333333,0.0,0.0,0.0,0.0,0.0,0.0,EXPLORE,real_media,g_batchG_table_finances_closeup_360p.mp4,210.0,EXPLORE,1.0,media_labeled_stage2_curated_train_20260506.csv,batch_stage2_train_20260506,table_focus_clutter
-0.0003174761322315,-0.000172408194658,7.781087217119181e-05,1.0001943434514395,-5.155951779144937e-05,6.189291082014622e-05,0.5638139033548935,0.0171619217226927,-0.1374440261538065,0.3916076402961267,-1.8667592374096986e-05,0.000108102600046,-8.159910559916799e-05,0.0001028092363513,-4.755576288279545e-05,3.068357126944217e-05,-9.117848797074392e-05,0.0001212546676809,6.834969241193762e-05,5.5215946361103495e-05,0.0001851413268414,0.0001671976471005,-0.0001745104557106,-4.91620279634708e-05,1.1953571533184832e-05,0.0001444793313619,-0.0001059313843651,9.623977352472225e-05,-4.402883128487524e-05,-4.815058351167432e-05,1.00009598596714,0.0001210338164271,-0.0001941741390265,9.135187888259664e-05,0.0003358492287506,-0.0001343311051653,0.333170082913756,0.0,0.0,0.0,0.0,0.0,0.0,EXPLORE,real_media,,,,,curated_real_balanced.csv,,
-0.0002051613989709,1.0001210003900003,4.303867331041142e-06,-0.0001695205137774,3.0399549436648174e-06,-0.0001142576144632,0.5351749667296443,0.0286485915138924,-0.8655397822158536,0.5374013548918126,-7.299182372639012e-05,-3.5389430713871405e-05,9.945453419488396e-06,-2.651777489609047e-05,-0.0001312228787784,0.9999783790525458,0.7177002504122545,0.0107311336923523,-0.8061915177726507,0.6543460858668754,8.557467012401875e-05,-4.7849564274540446e-05,-9.89488593546227e-05,0.0001198367791,1.3405359676801536e-05,-9.30384378590834e-05,0.0002278252906226,2.8389281784921303e-05,-2.155898091792291e-05,-4.049966565282367e-05,1.0001177418101348,-5.163683961950578e-05,-1.637344477458995e-05,0.0001620283639965,9.118851733802688e-05,-4.878878718192026e-05,0.6666564927630972,0.0,0.0,0.0,0.0,0.0,0.0,EXPLORE,real_media,,,,,curated_real_balanced.csv,,
1.0,0.0,0.0,0.0,0.0,0.0,0.8428444266319275,0.11703125,0.371875,0.3708333333333333,1.0,0.0,0.0,0.0,0.0,0.0,0.8189845085144043,0.0944270833333333,-0.40625,0.3416666666666667,0.0,1.0,0.0,0.0,0.0,0.0,0.7999390959739685,0.042333984375,-0.575,0.5291666666666667,0.0,1.0,0.0,0.0,0.0,1.0,1.0,0.0,0.0,0.0,0.0,0.0,0.0,CHECK_TABLE,real_media,mixkit_table_06.mp4,970.0,AVOID_PERSON,1.0,media_labeled_batch_A_real_corrected.csv,batch_A_real,mixed
3.238790834096929e-05,1.0001175169052825,-6.302579179763462e-05,-2.2243374289545067e-05,-0.0001414853300242,6.112125289189143e-05,0.8258835461574693,0.0468118582651945,-0.1624791394589537,0.041554288403707,7.762734619520139e-05,-4.224176826014496e-06,1.0000297092436423,-1.5694726386431757e-05,7.399169982567184e-05,3.1353064419245454e-05,0.8316219889606731,0.0786663696676133,-0.1874200007249697,-0.4873705421655999,1.862890981821836e-05,6.583884222911084e-05,8.281381554705352e-05,0.0002464897914871,3.616263039152041e-05,-6.544564776749723e-06,-2.026917210625114e-05,2.16921171381151e-05,0.0001946054656526,0.0001883472822882,-9.914433876710672e-05,-8.918857908250561e-05,0.9999471542113908,-0.000138048626085,3.6608859540804125e-05,0.9999383834207164,0.6666458967827209,0.0,0.0,0.0,0.0,0.0,0.0,CHECK_TABLE,real_media,,,,,curated_real_balanced.csv,,
1.0000312184828286,-0.0001473524149023,6.005008753244365e-05,-6.590689019022733e-05,8.80500103165514e-05,-2.8837765686933787e-05,0.9555519643161186,0.0805223098691431,-0.1500778047171286,-0.1207768944020422,-2.2536323081692217e-05,0.999898859043948,-4.285597611185235e-05,-1.5097742929295824e-05,4.2721406347858587e-05,2.2892733017935423e-05,0.7655113270016684,0.034730674889725,0.0377261330701673,0.5958080811808858,-0.0002805756488539,-0.0001129307690449,-6.428929870594536e-05,0.0001194699485058,0.0001235345684109,-4.809344222543422e-05,2.295810146464841e-05,-9.912338317140491e-06,-0.0001246725814103,9.042777453356124e-06,3.706578382820176e-05,-0.0001063267569047,1.000023911577061,0.0001133050012372,-0.0001712105842226,1.000019328774292,0.6667456467391023,0.0,0.0,0.0,0.0,0.0,0.0,AVOID_PERSON,real_media,,,,,curated_real_balanced.csv,,
3.207357726438203e-05,4.515765625534048e-05,0.9998901052883566,-7.249122689906239e-06,6.679045616368972e-05,-0.0001215595493812,0.9044550700460752,0.0917953819886822,0.5093073312805466,0.1999980684518741,-2.1950099706761143e-05,2.5138706156388388e-05,0.0001532426819641,-9.42542862958657e-05,-6.833313164091792e-05,-7.996705480228019e-05,0.0001291304444934,0.0001035007525437,3.711146055194326e-07,0.0001112852424806,0.0001716320864916,0.0001558627884245,3.165439960764291e-05,7.14051296747994e-05,9.82752555582132e-05,7.318280942661757e-05,7.411353478840376e-05,-0.0001077593560577,1.950157656468498e-05,9.221389650718806e-06,0.0001692861042188,0.9999469346029712,5.032659326806639e-05,-0.000222650831078,-3.3628502179080286e-05,1.000012677052547,0.3333143035685893,0.0,0.0,0.0,0.0,0.0,0.0,CHECK_TABLE,real_media,,,,,curated_real_balanced.csv,,
1.0000449705659569,4.1965194233299294e-05,-0.0001425776616861,9.670533548297952e-06,2.2294646258517767e-05,2.9705714864488125e-05,0.5411961141352328,0.0365950523709025,0.8437855686755046,0.1792147877283672,-0.0001129525485268,-3.704999608486968e-05,1.0000357658047856,-4.275991360564711e-05,4.968853820391007e-05,-7.131388183354439e-05,0.909073802525173,0.0416671526642937,-0.0749585865321395,0.2957320880218188,5.826538591217694e-05,0.0001313278791283,-7.368149555945067e-05,2.8735157187908945e-05,-7.026386625234685e-05,-0.0001100971085068,-6.791261980394098e-05,3.63864842309157e-05,0.0002476238350519,-1.749756067754363e-05,1.000116779920635,-7.219739208752395e-05,0.0001438162984653,8.456719091137661e-05,-0.0001979464505794,0.0001419572137261,0.6666655142900879,0.0,0.0,0.0,0.0,0.0,0.0,CHECK_TABLE,real_media,,,,,curated_real_balanced.csv,,
0.0001426642118097,-0.0001107209068986,0.0002477177075189,-0.0004817389074416,-0.0002324718518271,1.0000798744593955,0.3297743344210461,0.0270526253791603,0.6372646088367011,0.6748096962178678,-9.507137663120924e-05,-0.0002275534522948,3.963938851467637e-05,9.578432010161132e-05,3.536027918818506e-05,8.043457530631943e-05,4.666399772667373e-05,-0.0001337979076754,-0.0002918750536569,0.0001164464957863,-5.219396951434884e-05,-0.0001820121617395,-6.203991457879495e-05,-0.0002124108553399,-0.0001821288364681,9.094023283322688e-05,-4.437786141456158e-05,-0.0002564845566471,-0.0001377309324615,-7.596507239441755e-05,-2.1266570246095016e-05,-0.000111973044141,1.000040970537565,0.0002503294555664,2.695515798115335e-05,1.0000104983238485,0.3333844247626144,0.0,0.0,0.0,0.0,0.0,0.0,EXPLORE,real_media,,,,,curated_real_balanced.csv,,
0.0,0.0,0.0,0.0,0.0,0.0,0.0,0.0,0.0,0.0,0.0,0.0,0.0,0.0,0.0,0.0,0.0,0.0,0.0,0.0,0.0,0.0,0.0,0.0,0.0,0.0,0.0,0.0,0.0,0.0,0.0,0.0,0.0,0.0,1.0,1.0,0.0,0.0,0.0,0.0,0.0,0.0,0.0,EXPLORE,real_media,g_batchG_table_finances_closeup_360p.mp4,90.0,EXPLORE,0.0,media_labeled_stage2_curated_train_20260506.csv,batch_stage2_train_20260506,table_focus_clutter
1.0,0.0,0.0,0.0,0.0,0.0,0.8562436699867249,0.493896484375,0.1875,0.1041666666666666,0.0,0.0,0.0,0.0,0.0,0.0,0.0,0.0,0.0,0.0,0.0,0.0,0.0,0.0,0.0,0.0,0.0,0.0,0.0,0.0,0.0,0.0,1.0,0.0,0.0,1.0,0.3333333333333333,0.0,0.0,0.0,0.0,0.0,0.0,AVOID_PERSON,real_media,h_batchH_desk_phone_woman_92_360p.mp4,260.0,AVOID_PERSON,0.0,media_labeled_stage2_curated_train_20260506.csv,batch_stage2_train_20260506,table_chair_transition
0.9999498186586636,0.0001122880108161,-0.0001348246723801,7.730159893649001e-05,-3.609277801447086e-05,-0.0001187155688446,0.7859029814061969,0.063281727488197,0.3907581494286766,-0.491723832921577,-0.0001121174436166,-0.0001240666262705,0.0001565302883391,2.177585911943934e-05,-4.696554212144281e-05,6.952574408552384e-05,-5.5141379971446325e-06,-4.157640260593236e-06,9.912970865195982e-05,7.465357866401963e-05,-0.0001610516395297,5.78526575935472e-06,8.843750001997847e-05,3.28334334834819e-05,1.6064810590066512e-05,-0.0002088230705214,0.0001088655389999,-6.855296755431965e-05,2.4498799633112366e-06,8.606398124534848e-05,1.0001084628169803,-7.73432050278766e-05,4.433729252888143e-05,-4.215978777211332e-05,-6.7050581970363126e-06,9.633193000358866e-06,0.3334447129348124,0.0,0.0,0.0,0.0,0.0,0.0,AVOID_PERSON,real_media,,,,,curated_real_balanced.csv,,
4.530360896371094e-05,1.000011517919814,-0.0001585030857017,-0.0001408621519835,-3.70452000609294e-05,-2.8473148725459894e-06,0.8574641788476015,0.0767063379108365,-0.3623915625266885,0.2751305585064936,0.9999189799033984,-0.0001943369399228,6.382289603274174e-05,-0.0001044697428668,-9.755222656937966e-05,-5.3483999253013975e-05,0.4824542860993125,0.0485228798480066,0.671911766927669,0.1958098722012802,0.0001422908603597,8.119145531057223e-05,0.9998881414607314,0.0001341949006804,-5.982961339386735e-05,-4.883810427926818e-05,0.6026509314827082,0.0410933472007821,-0.8438651191113904,0.0251990081576175,0.9998398148316884,-9.582930509699624e-06,-0.0001422834576612,0.0001256324215621,-4.382783046141673e-05,3.707451928627384e-05,0.9999346551093544,0.0,0.0,0.0,0.0,0.0,0.0,MOVE_TO_CHAIR,real_media,,,,,curated_real_balanced.csv,,
0.9999727113575524,5.482101233724942e-05,5.895594100868586e-05,-6.365565610068576e-07,-8.144440984400665e-05,9.52767151660557e-05,0.8117593148476707,0.0746467802641793,-0.0313141492493514,0.2166128062320946,-1.141125463920885e-05,-4.4795342821835854e-05,-3.64371031575872e-05,7.416238672867743e-05,7.965007499078177e-05,5.3285251334481936e-05,-3.094445874119776e-05,-6.672574107598113e-05,-2.317739497329092e-05,-1.4669486163471391e-05,8.414470814896705e-05,-2.8021781072854288e-05,-0.0001204723161366,-8.372745986406598e-05,0.0001764185431416,-9.326607907742016e-05,-0.000126379680957,-2.9166950354682792e-05,0.0001761065078457,9.644075142945095e-06,1.0000292648594378,-0.0001576562716177,-0.0001498826443655,-2.3707207522950585e-07,-4.5761157615009495e-05,3.8966089072657866e-05,0.3332230857773681,0.0,0.0,0.0,0.0,0.0,0.0,AVOID_PERSON,real_media,,,,,curated_real_balanced.csv,,
-3.859826792260468e-05,0.9999003629692204,9.546678978059152e-05,0.0001061411419248,0.0001057037153718,6.564159659972149e-05,0.928265154555798,0.0369398213621585,-0.0249336130258767,0.2707777373479912,-0.000148186402295,8.366339247072625e-05,0.9999893069343188,-5.6192389936001735e-05,2.0520304439380715e-05,-9.87040381541377e-05,0.6922143460078858,0.0506857564374604,-0.3875587313675695,0.1375829393471224,-0.0001005145464276,4.461095934478726e-05,-2.500955297432924e-05,-0.0001627759200468,0.0001228477973029,7.48595861865736e-05,-8.176493058488905e-05,2.2608316063318364e-05,-0.000103372829713,7.90972923654021e-05,1.000020937401532,3.993190929789183e-05,-9.474544311275884e-05,-8.709198112008832e-06,-4.233635507236451e-05,-2.4674920288829563e-05,0.6666703661757758,0.0,0.0,0.0,0.0,0.0,0.0,MOVE_TO_CHAIR,real_media,,,,,curated_real_balanced.csv,,
1.0,0.0,0.0,0.0,0.0,0.0,0.8501632213592529,0.098115234375,-0.34375,0.3166666666666666,1.0,0.0,0.0,0.0,0.0,0.0,0.8231760263442993,0.1065494791666666,0.38125,0.35,1.0,0.0,0.0,0.0,0.0,0.0,0.6654679775238037,0.0880859375,-0.321875,-0.3708333333333333,0.0,0.0,0.0,1.0,0.0,1.0,1.0,0.0,0.0,0.0,0.0,0.0,0.0,MOVE_TO_CHAIR,real_media,mixkit_table_06.mp4,410.0,AVOID_PERSON,1.0,media_labeled_batch_A_real_corrected.csv,batch_A_real,mixed
0.9998536181226856,-8.698244702260335e-06,-1.0049449677620347e-06,9.518723797308444e-05,8.63396302235167e-05,-8.739420570015115e-05,0.9796531461630376,0.1129011074247966,0.0873624745078636,0.1457759925820832,-0.0001530517750983,0.999819941371971,7.084624098423833e-05,-8.307340335385493e-06,-8.408020230007591e-05,4.6800680420091e-05,0.5758456208141219,0.0412839777637237,-0.8750464702374585,0.3041769387513277,-4.341259699296471e-05,-6.295311186116901e-05,1.0000918503043246,3.827801813350102e-05,-0.0001063844842645,-1.1035219563766206e-06,0.743211946983676,0.0523869632279813,0.4624885866607582,0.2418902822588586,-8.726078286874913e-05,-6.511202703178786e-05,1.00014148273061,9.116610538850684e-06,-1.6959066352883797e-05,0.9998742623390904,1.0000292281317915,0.0,0.0,0.0,0.0,0.0,0.0,AVOID_PERSON,real_media,,,,,curated_real_balanced.csv,,
0.9998707143276256,0.0001167997687534,0.0001163538254864,-1.825916255383348e-05,-8.246994594276688e-05,-5.802374163066368e-05,0.9440541642666438,0.0773906781454992,-0.3532320299262287,-0.0998557032855798,9.364164806189784e-05,0.9998801398449956,2.7288026788800423e-05,2.9396575355114213e-07,9.898386164939465e-06,6.798339152666217e-05,0.8553380959161109,0.0661848184339408,-0.612516007833987,0.666634245931535,-1.2371078959966096e-05,-0.0002846348517629,-2.4812764239873915e-05,0.0001261081483434,-6.783334782002319e-05,-0.0001335976767459,4.688811707220653e-05,0.0002427642736347,-4.645836759999768e-05,4.4699052512087615e-05,0.9999524874369332,-0.000125826765763,-4.520255468299968e-05,-4.327964184288828e-05,-3.51113782530197e-05,-0.0001154604136216,0.6665339756124345,0.0,0.0,0.0,0.0,0.0,0.0,AVOID_PERSON,real_media,,,,,curated_real_balanced.csv,,
1.0,0.0,0.0,0.0,0.0,0.0,0.7495354413986206,0.115,0.35625,0.3666666666666666,1.0,0.0,0.0,0.0,0.0,0.0,0.7216177582740784,0.070751953125,-0.409375,0.3333333333333333,1.0,0.0,0.0,0.0,0.0,0.0,0.5355651378631592,0.070703125,-0.3875,-0.4416666666666666,1.0,0.0,0.0,0.0,0.0,0.0,1.0,0.0,0.0,0.0,0.0,0.0,0.0,CHECK_TABLE,real_media,mixkit_table_06.mp4,850.0,AVOID_PERSON,1.0,media_labeled_batch_A_real_corrected.csv,batch_A_real,mixed
1.0000387846112009,-4.326436746912528e-05,-4.312097328192317e-06,-1.504618195804816e-05,-0.0001998712211772,3.712066133390845e-06,0.8530028836331214,0.0586238339667424,0.0532277662921379,0.1541681742695989,2.463613291232605e-05,1.0000386013271156,-4.208902262487245e-05,0.0002228090667209,5.269213020035208e-05,-4.880998762852944e-05,0.652594256174512,0.0515539074156404,-0.0499902914418397,0.233341006388784,6.628052504414816e-05,-0.0001272459832284,0.9999296475248932,-0.0001255534594943,-0.0001282085211731,-0.0002433285562801,0.5239429277856794,0.068607462409853,0.1061418928629992,0.6082974203651214,0.0001571418917996,1.000082795004155,-0.0002214222133518,-2.7598655599701177e-05,0.0001160048110459,1.0000046438680823,1.00002462270691,0.0,0.0,0.0,0.0,0.0,0.0,AVOID_PERSON,real_media,,,,,curated_real_balanced.csv,,
-0.0001524892865065,-0.0001485799747515,8.961396679653717e-06,-1.4948066342612646e-05,0.9999901407622755,0.0001304293568328,0.3390994393850984,0.0434926636971199,-0.5311230334567586,0.0915783978762292,8.093837565717196e-05,7.013665031609436e-05,0.0001134000473336,6.87925359124619e-05,-0.0001259052208127,0.0001819287142893,0.0001352702868581,-0.0001486683148757,-0.0001214312642096,-3.483299307438089e-05,7.270232732104006e-05,4.3089337699734455e-05,8.087416127659265e-05,-9.472035072221988e-05,-0.0002003214630695,6.032946098219929e-05,-3.682250165175681e-05,-5.3994832761961614e-05,5.863362443473645e-05,-0.0001386111223708,2.824901569671829e-05,0.0002320970676713,6.634621233680453e-05,-0.0001157519157816,1.0000709703090456,1.0000364860972617,0.3332495225001292,0.0,0.0,0.0,0.0,0.0,0.0,EXPLORE,real_media,,,,,curated_real_balanced.csv,,
1.0,0.0,0.0,0.0,0.0,0.0,0.8361231684684753,0.105703125,0.3875,0.3458333333333333,1.0,0.0,0.0,0.0,0.0,0.0,0.8022395968437195,0.0969791666666666,-0.38125,0.2708333333333333,1.0,0.0,0.0,0.0,0.0,0.0,0.4925897419452667,0.0801204427083333,-0.321875,-0.4083333333333333,1.0,0.0,0.0,0.0,0.0,0.0,1.0,0.0,0.0,0.0,0.0,0.0,0.0,MOVE_TO_CHAIR,real_media,mixkit_table_06.mp4,450.0,AVOID_PERSON,1.0,media_labeled_batch_A_real_corrected.csv,batch_A_real,mixed
1.0,0.0,0.0,0.0,0.0,0.0,0.7606254816055298,0.128369140625,0.209375,-0.6583333333333333,0.0,1.0,0.0,0.0,0.0,0.0,0.2648216187953949,0.017705078125,-0.1125,-0.6833333333333333,0.0,0.0,0.0,0.0,0.0,1.0,0.3373822569847107,0.6873209635416667,-0.05625,0.2666666666666666,0.0,1.0,0.0,0.0,0.0,1.0,1.0,0.0,0.0,0.0,0.0,0.0,0.0,AVOID_PERSON,real_media,mixkit_table_05.mp4,215.0,AVOID_PERSON,1.0,media_labeled_stage2_curated_train_20260506.csv,batch_stage2_train_20260506,mixed
-4.912920637150305e-07,1.000054312651573,-0.000114211213697,0.0001610199545398,0.0001783398837538,-8.398295032066364e-05,0.7106388562630018,0.0272872383462389,-0.1998556485313952,0.7583741194804661,9.61623085187454e-05,4.1781178711473725e-05,-7.424558498977349e-05,1.0000626980657648,8.86362153573524e-05,5.53594356306337e-05,0.2697968464676482,0.0545443837265771,-0.8720150321512067,0.2333815479542992,-3.7618264911024864e-05,0.0001308854811276,8.636611481542797e-06,0.0001081758511688,3.288125098600805e-05,-0.0001860741749828,-5.437509847071042e-05,6.609616616688009e-05,3.513434360525455e-05,-0.0001561055046561,-8.919396374691243e-05,3.675644382818083e-05,0.0001602021025783,1.0000909778082472,6.311295678156926e-05,0.9999122908525502,0.6667572429451288,0.0,0.0,0.0,0.0,0.0,0.0,EXPLORE,real_media,,,,,curated_real_balanced.csv,,
1.0,0.0,0.0,0.0,0.0,0.0,0.8669008016586304,0.0870475260416666,-0.35625,0.3416666666666667,1.0,0.0,0.0,0.0,0.0,0.0,0.8365747928619385,0.11021484375,0.378125,0.35,1.0,0.0,0.0,0.0,0.0,0.0,0.7835882306098938,0.0932877604166666,-0.31875,-0.3958333333333333,1.0,0.0,0.0,0.0,0.0,0.0,1.0,0.0,0.0,0.0,0.0,0.0,0.0,MOVE_TO_CHAIR,real_media,mixkit_table_06.mp4,400.0,AVOID_PERSON,1.0,media_labeled_batch_A_real_corrected.csv,batch_A_real,mixed
1.0000630731781572,0.0001222072791814,1.808531544679502e-05,8.071412853812863e-05,-0.0001702688175559,3.285476290941219e-05,0.8290366968469494,0.0565368042810718,0.5158947021920002,-0.0875245509419785,0.0001471004385798,1.0000885050468438,-2.204300007224386e-05,-4.704921544370888e-05,5.4660001094042766e-05,1.671582820550668e-05,0.8762564218654731,0.0451434707437857,-0.1906595209644238,0.4707427011649647,-0.0001535893170186,-9.735714910818788e-06,1.0000325148908356,-0.0001421183262365,-7.443501945844984e-05,-0.0001596965264484,0.6734997277002508,0.0810050945017641,0.1499457456516613,-0.2666778791314017,3.199846702367774e-05,0.9999750179594812,5.405873846637658e-05,0.000179065291621,0.0001004151198823,1.0000808304357904,1.000183987951051,0.0,0.0,0.0,0.0,0.0,0.0,AVOID_PERSON,real_media,,,,,curated_real_balanced.csv,,
0.0001077439113327,-5.071079752425984e-05,1.0001400824858768,0.000145782398904,-1.689142297159693e-05,-0.0001105906817973,0.7364378758425155,0.0106591403987348,-0.415510434570518,-0.4290485478908166,-4.8913464854731806e-05,-0.0001064074187638,-4.331028056194906e-05,3.224507787972812e-05,0.0002203068651426,0.0001507952780777,-8.908244205417531e-05,5.7839029999258265e-05,-6.494005601807104e-05,0.00025206994034,-5.790138321891767e-05,-3.22082089606247e-05,-3.636822964861676e-05,-4.130006101967609e-05,-4.032747886075673e-05,-6.469541466377772e-05,-0.000145688942633,-9.345033629096092e-05,0.0001813753407099,-5.527804976236694e-05,-2.685192296914334e-05,5.149716016329861e-05,-0.0001088531337449,3.111888046312091e-05,1.000072267384421,0.9999875776412028,0.3334113345246655,0.0,0.0,0.0,0.0,0.0,0.0,EXPLORE,real_media,,,,,curated_real_balanced.csv,,
0.0001548196747831,9.213181063051056e-05,0.0001160694017351,3.708788805340027e-05,0.9997215125708522,-5.668854524203836e-05,0.2582560856976156,0.0362731928846129,0.4188013918307692,-0.0790869250940751,7.182127480016056e-05,-4.893724501825417e-05,0.0001190608682659,0.0001613669296446,-2.113551463954966e-05,1.0000311878820554,0.3366780620377424,0.0341639917364492,-0.856153976506116,-0.4917314063832901,-8.98535266235592e-05,5.204939631102677e-05,5.2040777683914665e-05,8.322361246798885e-05,1.3089255822337768e-05,-7.625439762878768e-05,0.0001390836200326,-5.466038570019535e-05,0.0002509407943717,1.6599415390590206e-05,-4.595015603502995e-05,-0.0001043427745663,6.342892156159528e-05,1.000056832132031,5.992518345296575e-06,0.999902692952248,0.6666339208561293,0.0,0.0,0.0,0.0,0.0,0.0,EXPLORE,real_media,,,,,curated_real_balanced.csv,,
-1.6059582709709964e-06,-4.294219047213014e-05,1.0000735080416154,8.030170156474863e-05,6.526651032733266e-05,-0.0002616320938601,0.6291268247964428,0.0195102600657068,0.1061024626520653,0.6582952775252785,6.602191395832462e-06,9.274954035078368e-05,0.0001233562197595,-0.0002526789686846,-5.743562458474887e-05,-0.0001282607126661,1.927805552409548e-05,3.364999186059776e-06,0.0001336076967933,-1.8700155172096307e-05,-5.502848545932303e-05,0.0001288577207553,2.317717574026004e-05,3.055516441175384e-05,0.0001459365717183,-3.0668163888027693e-06,-3.476087925885843e-05,-8.97470866923598e-06,0.0001624596691803,-7.573286715678357e-05,1.0001076284298238,0.0001379017614542,0.0001006828626212,9.190966239656744e-05,-8.519055525863862e-05,-0.0002045190591326,0.3334656095459066,0.0,0.0,0.0,0.0,0.0,0.0,EXPLORE,real_media,,,,,curated_real_balanced.csv,,
0.9999421284913236,-5.000516082539607e-06,0.0001166218509636,-6.389167608508448e-05,-0.0001554672957565,-0.000314445352419,0.9730774344417256,0.0609624048801736,-0.0718564423119065,-0.1666437257831876,-0.0001586943796027,1.0000362287266993,-2.115901377562703e-05,-2.531895214768817e-05,-5.2058335259630565e-05,9.604080077690627e-05,0.4895414598661479,0.0340030965800923,-0.8530099074264453,0.4416701394327311,1.3868422950071493e-05,5.353032142754454e-05,-2.704086459075077e-05,-0.0001202013520275,0.0001762442082405,9.430162036672495e-05,-0.0001299445131137,-9.83210551001072e-05,-0.0001065647862204,-0.000152366279819,3.6207727551905055e-05,1.0001502133211615,3.871373352740952e-05,0.0001559173840014,-4.182805683729029e-05,1.000026294993603,0.6665740057870002,0.0,0.0,0.0,0.0,0.0,0.0,AVOID_PERSON,real_media,,,,,curated_real_balanced.csv,,
-3.151131462653622e-05,7.085001404991433e-06,1.0000964861571318,5.600840545791264e-05,0.0001039855361851,0.0001087042908639,0.6043680431793023,0.0395530315450966,-0.7404738147429284,0.6583861362550197,-1.3239113774160555e-05,-4.849814189811087e-05,-0.0002150725265219,9.489388582688786e-05,0.9999434745971048,2.9346915199343288e-05,0.5227401904886957,0.0195517127301097,0.8561383089875827,0.7375322690734067,0.0001879306641634,-0.0002402396466594,-4.044620052204181e-05,-0.0001804524674997,1.343093743034754e-05,-0.0001398012889188,-2.6289386798112845e-06,0.0001716977120448,0.0001375795379615,-5.671469107921811e-05,0.9999141314446164,7.7909568192973e-05,2.617216150701723e-05,-9.427926758261986e-05,-9.888451223915936e-05,-6.163966237365665e-05,0.6664025832933788,0.0,0.0,0.0,0.0,0.0,0.0,EXPLORE,real_media,,,,,curated_real_balanced.csv,,
1.0000796227159583,-1.6402635907983297e-05,0.0001038174115042,-3.727914061274784e-05,-2.278255470400007e-06,1.0685294414311698e-05,0.8790824476977536,0.0582683009005129,-0.0500763766177726,0.1081947673171483,6.588919587622434e-05,-0.0002102142557036,1.0000045467292984,5.744307394152808e-05,-0.0001759077957757,-8.453161072164137e-05,0.5477927274049368,0.0406649148250505,0.3718742303327977,0.029206231047886,6.886267687252113e-05,-0.0001585090385528,0.0001244320316299,-2.904343037086592e-05,-4.2078459331369455e-05,0.0001108615274226,-5.412417418644391e-05,-8.793930019698268e-05,-0.0001890391858019,0.0001257690436225,-0.0001786283369095,-0.0001318119247251,0.9997870464493684,-4.004700974749095e-05,-0.0001869333128919,1.0001172728216932,0.6665978027324312,0.0,0.0,0.0,0.0,0.0,0.0,AVOID_PERSON,real_media,,,,,curated_real_balanced.csv,,
1.0,0.0,0.0,0.0,0.0,0.0,0.7162096500396729,0.01818359375,-0.6,-0.0541666666666666,1.0,0.0,0.0,0.0,0.0,0.0,0.6231082677841187,0.01494140625,-0.86875,-0.1458333333333333,1.0,0.0,0.0,0.0,0.0,0.0,0.5739299058914185,0.0240364583333333,0.66875,0.5916666666666667,1.0,0.0,0.0,0.0,0.0,0.0,1.0,0.0,0.0,0.0,0.0,0.0,0.0,MOVE_TO_CHAIR,real_media,mixkit_table_07.mp4,285.0,MOVE_TO_CHAIR,1.0,media_labeled_stage2_curated_train_20260506.csv,batch_stage2_train_20260506,occlusion
2.785150427972813e-05,8.049351065914947e-06,0.0001031101692972,7.851666689136982e-05,0.9999959356551398,-0.0001176396889345,0.5023212133339079,0.0341827185556731,-0.7970053615894354,0.2498481368263458,-4.700571514213368e-05,-6.819635512190986e-05,-4.225597973509419e-06,0.9998660415259282,0.0001658315411739,-2.79239185080432e-05,0.3389798557837151,0.0217301364649808,0.8342616185816695,-0.0709092319536597,-5.688809816316607e-05,-5.526763750055632e-05,0.0001267134382847,0.0001142868661026,-9.421842155329155e-05,-3.380827834692688e-06,-7.160856793781059e-05,-0.0002072191021385,-6.199883172006754e-05,-4.560464576831387e-05,0.9999355669906684,-0.0001212955595416,-2.2654687944463403e-05,-6.20185019068113e-07,0.0001654415126462,2.509674883859148e-05,0.6664130594425186,0.0,0.0,0.0,0.0,0.0,0.0,EXPLORE,real_media,,,,,curated_real_balanced.csv,,
1.0,0.0,0.0,0.0,0.0,0.0,0.7269008159637451,0.1199869791666666,0.35625,0.3708333333333333,1.0,0.0,0.0,0.0,0.0,0.0,0.7530260682106018,0.0716015625,-0.409375,0.3375,1.0,0.0,0.0,0.0,0.0,0.0,0.6714256405830383,0.0759244791666666,-0.384375,-0.4125,1.0,0.0,0.0,0.0,0.0,0.0,1.0,0.0,0.0,0.0,0.0,0.0,0.0,CHECK_TABLE,real_media,mixkit_table_06.mp4,810.0,AVOID_PERSON,1.0,media_labeled_batch_A_real_corrected.csv,batch_A_real,mixed
0.0001399753331692,0.9998893310927532,4.720254458254449e-05,2.994156868471122e-05,-0.0001308877405025,3.735977514594757e-05,0.3650552742389665,0.0769994295529385,-0.8157205881054813,0.2250717623557487,2.3661169925336086e-05,-7.979908905323369e-05,-7.25273646777687e-06,-7.692279242501624e-05,1.5577346780650643e-05,1.0001039677475292,0.3813026485032837,0.066347812312889,0.5092999352318672,-0.4500792318579517,0.0001674125706059,6.313189452933495e-05,0.0002185564666947,6.565225440497567e-05,4.991821405768688e-06,-4.119937373101199e-06,0.0001232038437849,3.750837661515306e-05,6.947352834600627e-05,-2.91952210791346e-06,5.833825651544709e-05,-2.793713781662739e-05,0.9998707645429322,-6.534645241563162e-05,0.0001756127246065,0.9998759121106896,0.6668126603825896,0.0,0.0,0.0,0.0,0.0,0.0,EXPLORE,real_media,,,,,curated_real_balanced.csv,,
1.0,0.0,0.0,0.0,0.0,0.0,0.7793077826499939,0.019013671875,-0.6,-0.0583333333333333,1.0,0.0,0.0,0.0,0.0,0.0,0.6567346453666687,0.014775390625,-0.86875,-0.1458333333333333,1.0,0.0,0.0,0.0,0.0,0.0,0.5803747773170471,0.024140625,0.671875,0.5875,0.0,0.0,0.0,1.0,0.0,1.0,1.0,0.0,0.0,0.0,0.0,0.0,0.0,MOVE_TO_CHAIR,real_media,mixkit_table_07.mp4,290.0,MOVE_TO_CHAIR,1.0,media_labeled_batch_A_real_corrected.csv,batch_A_real,mixed
1.0,0.0,0.0,0.0,0.0,0.0,0.7401341199874878,0.1225,0.3625,0.3666666666666666,1.0,0.0,0.0,0.0,0.0,0.0,0.7584851980209351,0.0716015625,-0.409375,0.3375,1.0,0.0,0.0,0.0,0.0,0.0,0.6700314879417419,0.074375,-0.384375,-0.4166666666666667,1.0,0.0,0.0,0.0,0.0,0.0,1.0,0.0,0.0,0.0,0.0,0.0,0.0,CHECK_TABLE,real_media,mixkit_table_06.mp4,900.0,AVOID_PERSON,1.0,media_labeled_batch_A_real_corrected.csv,batch_A_real,mixed
0.0,0.0,0.0,0.0,0.0,0.0,0.0,0.0,0.0,0.0,0.0,0.0,0.0,0.0,0.0,0.0,0.0,0.0,0.0,0.0,0.0,0.0,0.0,0.0,0.0,0.0,0.0,0.0,0.0,0.0,0.0,0.0,0.0,1.0,0.0,1.0,0.0,0.0,0.0,0.0,0.0,0.0,0.0,EXPLORE,real_media,g_batchG_office_computer_1536_360p.mp4,60.0,EXPLORE,0.0,media_labeled_stage2_curated_train_20260506.csv,batch_stage2_train_20260506,table_focus_clutter
1.0,0.0,0.0,0.0,0.0,0.0,0.8533087968826294,0.0875,-0.3625,0.3291666666666666,1.0,0.0,0.0,0.0,0.0,0.0,0.7583292722702026,0.0776953125,0.378125,0.4375,1.0,0.0,0.0,0.0,0.0,0.0,0.6035170555114746,0.0808333333333333,-0.4125,-0.45,1.0,0.0,0.0,0.0,0.0,0.0,1.0,0.0,0.0,0.0,0.0,0.0,0.0,MOVE_TO_CHAIR,real_media,mixkit_table_06.mp4,290.0,AVOID_PERSON,1.0,media_labeled_batch_A_real_corrected.csv,batch_A_real,mixed
0.0001149559320675,0.0001446339422862,0.9999844043434336,-7.830003230397676e-05,7.005167389464981e-05,-7.725725051668488e-05,0.6845944438499817,0.0303825185859042,-0.0061648522083682,-0.5042292629950866,2.6270206953755515e-05,0.000258427619101,0.999941223276844,7.305251855031085e-05,-3.46497216566724e-05,0.0001222790041871,0.6151312138745905,0.0143600231551228,-0.0125790899516207,-0.1083105324747301,5.732645377327405e-05,0.0002619634701338,0.0001097867934366,0.0001602050068334,-8.990945534755393e-06,6.765670641605706e-05,-0.0001658346217159,5.180207111501806e-05,0.0001840237761027,7.504562467513556e-05,9.63427063912189e-05,3.16591682279128e-05,0.9999703186365488,4.003292627568271e-05,6.727592369704916e-05,0.9999124246625116,0.6668637977993269,0.0,0.0,0.0,0.0,0.0,0.0,EXPLORE,real_media,,,,,curated_real_balanced.csv,,
2.9265291137894373e-05,5.045263698604976e-05,0.9998198667152084,-0.0001487693889506,-5.081289987092111e-06,7.564876784925275e-05,0.3481285917907178,0.0484644814909315,-0.7186864513071982,-0.2456765379347698,-4.873410907414915e-05,-4.329203777694613e-05,-6.843436492019717e-05,-4.609834571093652e-05,0.999991291140746,2.2815643811595328e-05,0.6067462496460749,0.0088504220542965,0.7125122831856435,-0.4959148044371646,0.0001835387545307,-0.0001050834373801,-5.713024145454822e-05,0.0001154529260497,-7.741506477416164e-05,-5.663686654837404e-05,0.0001890639227159,-0.0001401787015453,-8.375477133558462e-05,1.607133875288649e-05,2.1670518046991885e-05,-4.910386761671834e-05,-8.640616887712448e-05,1.4521677355972546e-05,0.9999883537899888,1.00024090531148,0.6667386500998308,0.0,0.0,0.0,0.0,0.0,0.0,EXPLORE,real_media,,,,,curated_real_balanced.csv,,
1.0,0.0,0.0,0.0,0.0,0.0,0.930201768875122,0.1065852864583333,0.140625,-0.7166666666666667,0.0,0.0,0.0,0.0,0.0,1.0,0.2668290436267853,0.7152799479166667,-0.05,0.2291666666666666,0.0,0.0,0.0,0.0,0.0,1.0,0.6802752017974854,0.1025520833333333,-0.19375,-0.0208333333333333,0.0,1.0,0.0,0.0,0.0,1.0,1.0,0.0,0.0,0.0,0.0,0.0,0.0,AVOID_PERSON,real_media,mixkit_table_05.mp4,120.0,AVOID_PERSON,1.0,media_labeled_batch_A_real_corrected.csv,batch_A_real,mixed
1.0,0.0,0.0,0.0,0.0,0.0,0.862479567527771,0.08625,-0.365625,0.3333333333333333,1.0,0.0,0.0,0.0,0.0,0.0,0.8050090670585632,0.1323404947916666,0.371875,0.2833333333333333,1.0,0.0,0.0,0.0,0.0,0.0,0.7000099420547485,0.082724609375,-0.41875,-0.4708333333333333,1.0,0.0,0.0,0.0,0.0,0.0,1.0,0.0,0.0,0.0,0.0,0.0,0.0,MOVE_TO_CHAIR,real_media,mixkit_table_06.mp4,320.0,AVOID_PERSON,1.0,media_labeled_batch_A_real_corrected.csv,batch_A_real,mixed
1.0,0.0,0.0,0.0,0.0,0.0,0.916788935661316,0.1544140625,0.15625,-0.5833333333333334,0.0,0.0,0.0,0.0,0.0,1.0,0.6488184928894043,0.1199283854166666,-0.49375,0.5083333333333333,0.0,0.0,0.0,0.0,0.0,1.0,0.6593603491783142,0.1054557291666666,-0.171875,-0.0208333333333333,0.0,1.0,0.0,0.0,0.0,1.0,1.0,0.0,0.0,0.0,0.0,0.0,0.0,AVOID_PERSON,real_media,mixkit_table_05.mp4,110.0,AVOID_PERSON,1.0,media_labeled_batch_A_real_corrected.csv,batch_A_real,mixed
1.0000730346153217,3.9582909646110205e-06,2.615405712548942e-05,-4.32632109033223e-05,5.846984918074918e-05,7.996990017190478e-05,0.8295586162311277,0.1043152296405023,0.3967568403876393,0.3249953773400579,0.999959814402685,-0.0001378211420446,-7.955538448182333e-06,4.090686346917824e-05,-9.0551217276319e-05,2.741132183426264e-05,0.7044607972905856,0.0947136678563767,-0.4000538289623754,0.3874788552349026,0.999950531515093,-0.0002198369715962,0.0002062178233152,-0.0001492099397024,0.0001263138756641,5.573664396562794e-05,0.7156395874628882,0.0713962464014222,-0.3875992834440842,-0.4457672168626618,0.99994162071084,1.862875720615525e-05,-5.246785009009121e-06,5.178088155054236e-05,7.042681569661859e-05,0.0001488813887788,1.0000154249026534,0.0,0.0,0.0,0.0,0.0,0.0,CHECK_TABLE,real_media,mixkit_table_06.mp4,1092.0,CHECK_TABLE,1.0,curated_real_balanced.csv,,
-1.152486804842043e-05,0.9999556070603298,-2.855771645352409e-05,1.953498132982817e-05,4.838157139427551e-05,-4.178722055364276e-05,0.6500883168629089,0.0562165870656872,-0.003115444751486,-0.1208307171585778,-0.0001097456914805,6.01067034350432e-05,1.0001366039417023,-2.774336018387077e-05,0.0001387510716655,6.57395237596557e-05,0.7890459449104028,0.0632464574128053,-0.3155645581546242,0.3834063755468585,2.814274543159957e-06,-8.04066329431115e-05,-5.686751176943981e-05,-0.0001222840174391,-0.0001216756404127,-0.0002074582207643,8.692907631034297e-05,0.0001431351143611,-6.009497189748883e-05,-2.898437492649068e-05,3.843130793419531e-05,1.0001036710703497,-1.5310343363596688e-05,4.7618757080396926e-05,0.0001030359226183,0.999941480044818,0.6666669125761394,0.0,0.0,0.0,0.0,0.0,0.0,CHECK_TABLE,real_media,,,,,curated_real_balanced.csv,,
9.523424617298918e-05,1.0001517676494411,6.786292508328514e-05,8.412420409031093e-05,0.0001035887489983,5.126546187994678e-05,0.8911672102298691,0.0875946907559905,0.2686832159263775,-0.1084013103102577,1.0000806776313749,-8.421330514467635e-05,6.799177951298681e-05,-3.3477574803877034e-05,-2.0694610028001163e-06,-2.81818600972144e-05,0.3712572698304946,0.0538629555129912,0.3812253597879788,-0.5541253187475766,-1.619442419770856e-05,-0.0001676325337146,0.9999430314351794,-9.199364485856544e-05,5.344233451862095e-05,3.978260223043317e-05,0.7562887897725469,0.0744934987888034,0.153233033872801,-0.2416521242825933,7.05258006897562e-05,2.619986462055597e-05,-1.0824405714215528e-05,-0.0002030686748007,1.000012809761458,1.000044007102458,0.9999894341872012,0.0,0.0,0.0,0.0,0.0,0.0,MOVE_TO_CHAIR,real_media,,,,,curated_real_balanced.csv,,
-7.860570249730316e-05,0.9999943454777512,-0.0002155527710451,-8.543516191858661e-05,2.9020766877503864e-06,0.0001019076735953,0.8952422799863472,0.0452831812222016,0.1686842611772144,0.0252249891346854,-0.0001064188596677,-0.000107007696819,1.0000351358981878,-0.0001709976703113,9.874178643316425e-05,-8.731929313462654e-05,0.8134655249833154,0.0489428393076785,-0.5499933409276132,0.249870497802523,-4.120283255581947e-05,1.4916233851213458e-06,-9.225932586669814e-05,9.675131666398094e-05,1.6611671593276142e-06,-7.93456196233784e-06,-3.900489393265442e-05,-9.418674653302116e-05,1.2213957443274718e-05,8.799014374971021e-06,-8.619807565016726e-05,6.857468628016419e-05,1.0000205466230574,-6.20224472141805e-05,-3.48045884442393e-05,0.9999671094481848,0.666574747103427,0.0,0.0,0.0,0.0,0.0,0.0,CHECK_TABLE,real_media,,,,,curated_real_balanced.csv,,
0.000162416938635,-3.560375505965752e-05,0.99984261752804,0.0001025324825931,3.490490709046559e-05,-0.0002241277902203,0.8660399681592749,0.1270445331669654,0.4156409974542457,-0.0333659336991284,1.000005998563788,3.6224259099777465e-05,-5.186984310847458e-05,0.000140415149826,-2.645609374605566e-05,0.0001100061384468,0.3683449891257121,0.0432784740359134,0.2093553845232749,0.5083295523233015,3.772533231859135e-05,-1.024705748269476e-05,1.4354451248050324e-05,-4.6288479007124565e-06,7.74536363297775e-06,2.439426609905422e-06,-7.189636775705275e-05,-2.9057623875055817e-05,-0.0001627433292686,6.513315929187064e-05,-7.341055533576345e-05,0.0001891502719321,1.000066592984654,-0.0001365298462653,-7.356189761097117e-05,0.9999918306442004,0.6668281398457847,0.0,0.0,0.0,0.0,0.0,0.0,CHECK_TABLE,real_media,,,,,curated_real_balanced.csv,,
1.0,0.0,0.0,0.0,0.0,0.0,0.9169604182243348,0.1330078125,0.25,-0.625,0.0,1.0,0.0,0.0,0.0,0.0,0.4191093742847442,0.0838216145833333,0.8,0.075,0.0,0.0,0.0,0.0,0.0,1.0,0.3787107169628143,0.748330078125,-0.015625,0.2208333333333333,0.0,1.0,0.0,0.0,0.0,1.0,1.0,0.0,0.0,0.0,0.0,0.0,0.0,AVOID_PERSON,real_media,mixkit_table_05.mp4,60.0,AVOID_PERSON,1.0,media_labeled_batch_A_real_corrected.csv,batch_A_real,mixed
1.0000476528511333,-8.532503175609266e-05,-3.5829197232980225e-05,-8.92000537049489e-06,3.85104174182408e-05,4.6116198661092985e-05,0.8083220292253593,0.0915353848595952,-0.240645659269834,-0.2042442206076573,-1.1134755206603068e-05,1.0000991326162672,8.048242912748194e-05,2.203302680553274e-05,5.057597974126102e-05,-0.0001488408200734,0.5596830261512964,0.0319439614945614,0.0124293872713913,0.3333738320935242,-3.808262513090348e-05,0.0001000506751356,1.0001108418786062,-5.347830936570432e-05,0.0001462922589144,-1.900802967654657e-05,0.7421857882162386,0.0353675112451801,0.328131375631404,0.4541879856084916,-7.507960478659627e-05,-0.0001725379528271,0.9999200396053288,0.0001079605669439,-3.286666075267842e-05,0.9999673293393034,1.0001516801903445,0.0,0.0,0.0,0.0,0.0,0.0,AVOID_PERSON,real_media,,,,,curated_real_balanced.csv,,
-0.0002333790404655,-3.000551771327868e-05,0.0002934197998065,1.0001881276507243,1.0014016928534964e-05,0.000239266317552,0.6170123875059884,0.07681200505111,-0.6279976920799735,0.0831662594804954,4.873768269146554e-05,-0.0003167537628449,0.0002702510286941,1.261584409455542e-05,0.9999467082064212,0.0001363124872332,0.7480935983158732,0.0420359290320399,-0.740601735693457,-0.6169203527727772,-0.0001587912195328,-3.806376023511587e-07,-2.303315222695877e-05,-6.31020505776146e-05,8.065953642530236e-05,-0.0002072156170173,-3.154071811562598e-05,-8.109410401791656e-05,4.0122483522973525e-05,-1.931342796291826e-05,2.5744683602633548e-05,-0.000125342263265,-0.0002202404462923,0.9998303124219944,1.3585362354976698e-05,0.9999818667792338,0.666648262548177,0.0,0.0,0.0,0.0,0.0,0.0,EXPLORE,real_media,,,,,curated_real_balanced.csv,,
0.0,0.0,0.0,0.0,0.0,1.0,0.6269031763076782,0.0052864583333333,0.178125,0.6416666666666667,0.0,0.0,0.0,0.0,0.0,0.0,0.0,0.0,0.0,0.0,0.0,0.0,0.0,0.0,0.0,0.0,0.0,0.0,0.0,0.0,0.0,0.0,0.0,1.0,0.0,1.0,0.3333333333333333,0.0,0.0,0.0,0.0,0.0,0.0,EXPLORE,real_media,g_batchG_office_computer_1536_360p.mp4,155.0,EXPLORE,0.0,media_labeled_stage2_curated_train_20260506.csv,batch_stage2_train_20260506,table_focus_clutter
4.07335762204609e-05,5.5651769335782336e-05,-0.0001405493556468,0.0001104956037259,1.234358617133299e-05,0.0001023450104094,7.081821339082191e-05,-4.143258375204986e-05,0.000110495334158,4.413620280994311e-06,1.4422941401501384e-05,8.339778793476825e-06,9.493247306536403e-06,9.985276567643032e-05,0.0001835067872359,-3.9034323250327736e-05,-4.741493159149438e-06,4.290678271236589e-05,8.023069840144037e-05,-7.338677463982211e-05,0.0001861780136964,3.546861038443853e-05,-0.0001526940263616,-5.97990902884008e-05,0.0001680208725854,-0.0001827571282186,1.840825294212869e-05,3.4125572336795595e-05,-5.897675845277591e-05,4.6766354605747136e-05,0.9998547601252094,0.0002011764065875,0.0001582121545952,6.748211164399307e-05,9.828487836683193e-06,-8.250285863155991e-05,-4.712521686662065e-05,0.0,0.0,0.0,0.0,0.0,0.0,EXPLORE,real_media,,,,,curated_real_balanced.csv,,
0.9999044299302444,5.250513152977958e-05,-2.884316379273021e-05,-8.872172424330443e-06,-0.0001384885491588,-4.860065254140167e-06,0.7991991534809323,0.0851392047819147,0.372065100856402,-0.104206891812292,-4.402028038697862e-06,0.9998867189407664,-0.0001532412984989,9.016999393447552e-05,-0.0001383541933875,2.5151592165477783e-05,0.4925325887965217,0.034141795812556,-0.8749120658340533,0.3084412066671544,7.38135593313482e-05,0.0001123123996333,-6.569660120838664e-05,0.0002230805828722,-5.510815531372984e-05,-5.9813836046019366e-05,0.0001386198610369,0.0002387598293234,9.109582533460098e-05,8.977055698538189e-05,0.9999431979818352,-2.50861467140436e-05,-9.702458685962108e-05,-7.446619638903122e-05,0.0001789770522596,-0.0001357299224243,0.6667595854686287,0.0,0.0,0.0,0.0,0.0,0.0,AVOID_PERSON,real_media,,,,,curated_real_balanced.csv,,
1.0,0.0,0.0,0.0,0.0,0.0,0.8557559847831726,0.10677734375,0.403125,0.3208333333333333,1.0,0.0,0.0,0.0,0.0,0.0,0.7716236114501953,0.09814453125,-0.39375,0.4,1.0,0.0,0.0,0.0,0.0,0.0,0.6513936519622803,0.0703125,-0.3875,-0.4416666666666666,0.0,0.0,1.0,0.0,0.0,1.0,1.0,0.0,0.0,0.0,0.0,0.0,0.0,EXPLORE,real_media,mixkit_table_06.mp4,1070.0,AVOID_PERSON,1.0,media_labeled_batch_A_real_corrected.csv,batch_A_real,mixed
-2.331994665640239e-05,0.9999556538161508,-0.000119978780853,-1.5866423962079785e-05,2.7464335185598955e-05,-2.256681706453577e-05,0.7860391163559987,0.0658019645716711,-0.243713498402857,0.0460385676610318,1.0000865926066669,-5.31113277924703e-05,1.0138501524175822e-05,-2.764575131694073e-06,-0.0001377960262675,-3.717033794227681e-05,0.5838649249004199,0.0381336197935914,0.6000087044342228,-0.7917499189783093,-8.642815675036747e-06,-2.853603523944412e-05,1.0001121953124397,8.897798896403359e-05,6.712590939265138e-05,0.0001217968010084,0.9577119489597626,0.1001418101930552,-0.1250708730055429,0.2333741806083598,7.700603554327533e-06,-0.0001652632027137,1.0001059352742991,2.553699128152769e-05,-2.438010417710844e-06,0.9999279576812512,0.9999099404990448,0.0,0.0,0.0,0.0,0.0,0.0,CHECK_TABLE,real_media,,,,,curated_real_balanced.csv,,
1.0,0.0,0.0,0.0,0.0,0.0,0.6501374244689941,0.0167350260416666,-0.603125,-0.0541666666666666,1.0,0.0,0.0,0.0,0.0,0.0,0.6034881472587585,0.0264485677083333,-0.9,-0.1125,1.0,0.0,0.0,0.0,0.0,0.0,0.5721888542175293,0.0243815104166666,0.6625,0.5916666666666667,0.0,0.0,1.0,0.0,0.0,1.0,1.0,0.0,0.0,0.0,0.0,0.0,0.0,EXPLORE,real_media,mixkit_table_07.mp4,260.0,MOVE_TO_CHAIR,1.0,media_labeled_batch_A_real_corrected.csv,batch_A_real,mixed
7.382632755615835e-05,0.9999717017144516,-3.2061165880751006e-05,-9.000211520992372e-05,6.589441125443463e-05,0.0001486460008267,0.838925452802796,0.0561962534491889,-0.0219533430042967,-0.0709281118490163,9.002765434522793e-06,-0.0001563513020642,1.000245505640659,-3.5764234752590703e-05,8.134207057680305e-05,0.000117973286006,0.6069153397376863,0.0353662907637414,-0.7938242371186723,0.0875537091655516,-0.0001096598820823,-0.0001946488724825,-3.0049260223343694e-05,3.1701589171327475e-05,5.335261311954467e-05,1.9362562544933828e-05,-5.036511849876439e-05,7.809270798263367e-05,-0.0001130529014032,-8.539674362415027e-05,0.9999549587253784,-3.052746435281544e-05,2.373189124011316e-05,6.108168690943254e-05,6.3934749467892766e-06,5.060875663013848e-05,0.666591461588984,0.0,0.0,0.0,0.0,0.0,0.0,MOVE_TO_CHAIR,real_media,,,,,curated_real_balanced.csv,,
-5.52285553661568e-05,2.3566732759937e-05,0.9999655504589344,-5.92417879095438e-05,-6.260390860076602e-05,-2.18631252774379e-05,0.9628019291810692,0.0885279246435322,-0.1062172840962036,-0.0168159525091506,1.0000640711314053,-7.241382468253951e-05,6.250118542209737e-05,1.907701115745424e-05,-4.210767594415585e-05,0.0001219873958477,0.5097873879365921,0.0340737225630967,0.7437191856648643,-0.3833712810756827,-7.413591087287957e-06,0.0001030625183325,0.0002951215318215,4.018232537247072e-05,-1.969424734281734e-05,5.099468995976093e-06,-3.893399500717933e-05,7.574228949665174e-06,-6.963256608289672e-05,0.0001566857186973,-3.830168218972418e-05,-0.0001323691933146,0.99984611681689,0.0002101767743955,0.0001856441648362,1.0000483960313844,0.6666157825051282,0.0,0.0,0.0,0.0,0.0,0.0,CHECK_TABLE,real_media,,,,,curated_real_balanced.csv,,
7.880401060862493e-05,1.0000938255671206,-1.931216706576578e-05,3.439319732760034e-05,-4.120309600615919e-05,0.0001031378630116,0.7915465270968298,0.0395863700030515,0.006385333017646,-0.6541352375868352,0.9999119681661772,0.000102296972394,-0.0001328213790943,5.279792388849564e-05,-2.95769610275845e-05,7.462460116742944e-05,0.3666595607816361,0.0320085087794648,0.8437889074753135,-0.0831662790971014,6.854370218296108e-05,0.0001091653656964,0.999879378123832,3.5879854678496995e-05,0.0001909340320683,2.6776164427378687e-05,0.774578278879405,0.0543881804449233,-0.0499906712146501,0.0083284801009935,-4.947173536453243e-05,-2.9514655765252086e-05,-5.196806212186837e-05,0.9998817875872268,3.2497726579149105e-05,1.0001383040244889,0.9998674989251438,0.0,0.0,0.0,0.0,0.0,0.0,MOVE_TO_CHAIR,real_media,,,,,curated_real_balanced.csv,,
0.0,0.0,0.0,0.0,0.0,1.0,0.386559784412384,0.281953125,0.05625,0.475,0.0,0.0,0.0,0.0,0.0,0.0,0.0,0.0,0.0,0.0,0.0,0.0,0.0,0.0,0.0,0.0,0.0,0.0,0.0,0.0,1.0,0.0,0.0,0.0,0.0,0.0,0.3333333333333333,0.0,0.0,0.0,0.0,0.0,0.0,EXPLORE,real_media,g_batchG_table_finances_closeup_360p.mp4,5.0,EXPLORE,1.0,media_labeled_stage2_curated_train_20260506.csv,batch_stage2_train_20260506,table_focus_clutter
-0.0001309458859574,0.9999544735431396,-1.6651427224734824e-05,6.209455275333768e-05,-7.371649612577986e-05,-0.0001373102762318,0.9756716852240256,0.0587301056254701,-0.5000647421350921,0.2916566666965112,0.0001166497195967,0.0001384067702547,0.000102189145428,-5.908529761703348e-05,-2.486631111597172e-05,6.53301292385784e-05,3.1203676867023665e-05,0.0001165977264057,-9.482262003484384e-05,5.696007025181925e-05,2.92723360688826e-05,5.340509560216493e-06,2.948610549263904e-05,-0.0001241289326975,4.052639970165133e-05,-3.55273368678828e-05,-2.7228026019566365e-05,-2.6358377226698223e-05,0.0002002912407785,4.971841779598625e-05,4.844842708028689e-05,0.0001792793741612,0.0001195791114057,1.0001184245729484,-8.978891910281919e-05,0.999990405733855,0.3333255367304076,0.0,0.0,0.0,0.0,0.0,0.0,MOVE_TO_CHAIR,real_media,,,,,curated_real_balanced.csv,,
1.0,0.0,0.0,0.0,0.0,0.0,0.5935914516448975,0.0240006510416666,0.65625,0.5791666666666667,0.0,1.0,0.0,0.0,0.0,0.0,0.6749439835548401,0.01634765625,0.090625,0.825,1.0,0.0,0.0,0.0,0.0,0.0,0.498517632484436,0.0147330729166666,-0.596875,-0.1958333333333333,0.0,0.0,1.0,0.0,0.0,1.0,1.0,0.0,0.0,0.0,0.0,0.0,0.0,EXPLORE,real_media,mixkit_table_07.mp4,220.0,MOVE_TO_CHAIR,1.0,media_labeled_batch_A_real_corrected.csv,batch_A_real,mixed
-6.501627208312536e-05,-0.0002860147232064,-0.000253538289531,0.9999708680669972,3.217421910768419e-05,-0.0001451885846047,0.5676283136848811,0.0207773621742161,0.2031906178734774,-0.5413842142101016,1.0079720333179536e-05,7.46376347877342e-05,0.0001689555693323,-1.739669932468492e-05,0.9997643755847944,-0.0001236682333805,0.549564435109738,0.0207486967129899,-0.6997646153703445,-0.4626225410346729,0.0001044797961279,0.0001304266571086,1.7026458778391026e-05,5.1221986377215695e-05,-8.282630590700647e-05,4.939065345751992e-05,9.04150627348111e-05,0.0001387227921408,-0.0001450560237089,-3.270387704085757e-05,4.836193783088738e-05,-1.9669667920790817e-05,0.0001367967662059,-0.0002553579909392,1.0000691993198592,1.000181339737681,0.6665315788357782,0.0,0.0,0.0,0.0,0.0,0.0,EXPLORE,real_media,,,,,curated_real_balanced.csv,,
0.0001721807102018,-0.0001669069486789,7.45058842342854e-05,8.63653614460376e-05,-0.0001843796175204,0.9997450592202212,0.5373736793652645,0.0581004101567152,-0.7751874039546972,0.7624880149923325,-0.0003205923823721,-0.0001188319596449,0.0001021348301711,5.346055512122887e-05,-7.463197878801827e-05,1.0001020305145931,0.2602051904578213,0.031773976451146,-0.3281325465573123,-0.6166000279267563,5.865840493240239e-05,0.0002183416487309,9.38171980051298e-05,-3.3548338907194725e-05,-0.0001365243225002,-0.0002210458383294,8.139035426011088e-06,0.0003509258651534,4.628186101264303e-05,-1.2428389949908352e-05,2.553917689033096e-06,6.822521114412995e-05,8.688740455798234e-05,0.999939023833344,0.0001364527690552,0.9999125343929002,0.6668140041552562,0.0,0.0,0.0,0.0,0.0,0.0,EXPLORE,real_media,,,,,curated_real_balanced.csv,,
1.91529975242851e-05,1.0000321976884097,-5.704685226734175e-06,-6.849465035018576e-05,-9.253862963959628e-05,-5.9957632374495706e-05,0.6079990351363812,0.0526825618408722,-0.4875504811386312,-0.6666309618047788,-9.424431716596423e-06,-4.858310403698567e-05,0.999891403195381,-1.958881836236413e-05,-2.779177443668554e-05,-0.0001930422372437,0.769114625607242,0.0487579639710875,-0.1093485836374594,0.179095784131925,5.220001189007334e-06,4.687676191745995e-05,-1.226097405264757e-05,-0.0001531282604102,-6.255726719810387e-05,-0.000102047071794,5.112238563735925e-05,-2.634670013334596e-05,2.0539702466985803e-05,3.340698463113988e-05,1.000038873545276,3.6584766275195214e-05,4.897894780112719e-05,-0.0001062997718511,-6.17805126120224e-05,-9.412215781073467e-06,0.6667204411721177,0.0,0.0,0.0,0.0,0.0,0.0,CHECK_TABLE,real_media,,,,,curated_real_balanced.csv,,
0.9998288279254168,3.2274749262757364e-05,0.000203292643529,5.501236672279246e-05,0.0001214543343694,-2.405095562508208e-05,0.7847984425726557,0.1133793444821024,0.372178121465385,0.3582805968360245,1.0001689629311532,-6.992969792789218e-05,-7.241169378063141e-05,-0.0002140659853272,-9.264226576030532e-05,-8.545059326745216e-06,0.6991115597632402,0.0738143962659295,-0.5782820309932025,-0.4290734212152065,0.9999554045463476,6.944881439857044e-06,-4.792858235640273e-06,1.1558007726274297e-05,1.7188325074901675e-05,-0.0003101797907586,0.6097917549039684,0.0753271403313725,-0.3907841790679197,0.3250817271143595,0.9999766906075316,-0.0001645259340494,-5.466535687667178e-05,4.0777839583290136e-08,7.526962574591824e-05,-1.808600569413089e-05,0.9998454204636436,0.0,0.0,0.0,0.0,0.0,0.0,CHECK_TABLE,real_media,mixkit_table_06.mp4,24.0,CHECK_TABLE,1.0,curated_real_balanced.csv,,
-5.377920350927228e-05,1.000012233521393,-0.0001105885505249,1.486962767240944e-05,0.0001687386502098,5.321071773678749e-05,0.8586451808568577,0.0568355668566043,-0.6063474580282869,0.5585261455447954,-5.3267107575939866e-05,1.2154006081260135e-05,0.9999649627045633,-1.1644582087580651e-05,-7.56487569466721e-05,-0.0001640642625158,0.8579633591169612,0.0634548669370543,0.5844176843458392,-0.0666622230914361,-5.3843951669506186e-05,-1.365254951396176e-05,1.829998862310029e-05,2.2506058706204748e-05,-0.000106282898251,-3.792363471805008e-05,2.4579772203932484e-05,0.000127670519825,-3.701497230998155e-05,0.0001317202170593,0.9999846158483734,7.98180697799858e-05,-6.251255839181267e-05,-6.764311104794095e-05,3.364800892084951e-05,-3.68295441908316e-05,0.6664663610470807,0.0,0.0,0.0,0.0,0.0,0.0,CHECK_TABLE,real_media,,,,,curated_real_balanced.csv,,
-3.3429752467569795e-05,0.9997439458368094,-4.9496576355818006e-05,1.772508391774232e-05,-1.915510126552171e-05,6.720139258085766e-05,0.8322567171844757,0.0605801203450405,0.1248456560355629,0.5291446424962648,1.0000617496366488,-6.336939503223736e-05,0.000173620994185,-2.164296322870818e-05,-3.614810723631325e-05,-0.0001780652355969,0.3757741912942564,0.0544170061044195,0.7781595442748279,-0.5040592688970135,-4.358103991812193e-05,-6.04985636846424e-05,0.0001164925423328,-2.419255949153685e-05,2.546040291461968e-05,-8.592664313941972e-06,-1.2801935799384844e-05,7.568541345583164e-06,0.00013537081159,-1.1630361974832997e-05,5.097188121766027e-05,1.3493869077416189e-05,-0.0001418130507935,-2.7072067983558115e-05,1.000095424508991,1.0000097568620043,0.6665034322109797,0.0,0.0,0.0,0.0,0.0,0.0,MOVE_TO_CHAIR,real_media,,,,,curated_real_balanced.csv,,
0.9999159090070404,7.82801068178217e-05,-8.608365130494163e-05,3.0249298586605884e-05,6.553900205116278e-05,-2.3514416508296083e-05,0.8798864181835611,0.109584621238124,-0.0155586233318369,0.0875617227837381,0.0001337205146919,1.000126801539244,0.0001506955973486,-5.266015481904275e-05,-2.644912765025867e-05,-6.553842492844383e-05,0.7774105117202184,0.063752020246156,0.0248896696255924,-0.0833551328259417,-0.0001675713346098,-6.710758950469321e-05,0.9998803551167024,8.598953417249609e-05,0.0001042581038364,4.477810139665814e-05,0.6970960340542997,0.0492761160498195,0.0063281588786057,-0.3374529504894025,0.999844606398245,-0.0001719734281646,-3.735759693624928e-06,9.550071298747828e-05,1.444331883467156e-05,1.9102951251942302e-05,0.9998766845006272,0.0,0.0,0.0,0.0,0.0,0.0,AVOID_PERSON,real_media,,,,,curated_real_balanced.csv,,
1.0,0.0,0.0,0.0,0.0,0.0,0.7544956803321838,0.0179036458333333,-0.590625,-0.0666666666666666,1.0,0.0,0.0,0.0,0.0,0.0,0.605151891708374,0.014609375,-0.8625,-0.1458333333333333,0.0,1.0,0.0,0.0,0.0,0.0,0.7316993474960327,0.0167513020833333,0.115625,0.8208333333333333,0.0,0.0,1.0,0.0,0.0,1.0,1.0,0.0,0.0,0.0,0.0,0.0,0.0,MOVE_TO_CHAIR,real_media,mixkit_table_07.mp4,320.0,MOVE_TO_CHAIR,1.0,media_labeled_batch_A_real_corrected.csv,batch_A_real,mixed
1.0,0.0,0.0,0.0,0.0,0.0,0.8426764607429504,0.1172493489583333,0.3625,0.35,1.0,0.0,0.0,0.0,0.0,0.0,0.8581188917160034,0.08900390625,-0.346875,0.3458333333333333,1.0,0.0,0.0,0.0,0.0,0.0,0.8014922142028809,0.0887076822916666,-0.475,-0.4708333333333333,0.0,0.0,1.0,0.0,0.0,1.0,1.0,0.0,0.0,0.0,0.0,0.0,0.0,AVOID_PERSON,real_media,mixkit_table_06.mp4,60.0,AVOID_PERSON,1.0,media_labeled_batch_A_real_corrected.csv,batch_A_real,mixed
1.0,0.0,0.0,0.0,0.0,0.0,0.8621673583984375,0.1065266927083333,0.371875,0.3666666666666666,1.0,0.0,0.0,0.0,0.0,0.0,0.8713682293891907,0.09388671875,-0.36875,0.275,1.0,0.0,0.0,0.0,0.0,0.0,0.684352457523346,0.1061197916666666,-0.321875,-0.3583333333333333,0.0,0.0,0.0,1.0,0.0,1.0,1.0,0.0,0.0,0.0,0.0,0.0,0.0,MOVE_TO_CHAIR,real_media,mixkit_table_06.mp4,570.0,AVOID_PERSON,1.0,media_labeled_batch_A_real_corrected.csv,batch_A_real,mixed
3.0599073474047765e-07,1.0000099906236668,1.3893329261059172e-05,6.775486538143611e-05,-0.0002352717565557,-7.807844945500901e-05,0.3143196743579809,0.0098152881548258,0.4499711696960173,-0.5167634548446872,-5.815772694097155e-05,3.396080718599049e-05,-1.9992592272902342e-06,-3.268131003212695e-05,9.57056467256018e-06,1.000088678145343,0.2939414113351082,0.029460820944199,0.4719377039872073,0.0041142510640479,-0.0001077720883698,-2.6965014052683645e-05,1.1722584161445731e-05,-9.778942030854277e-05,5.869900333823001e-06,-1.3501076893128044e-05,-8.702087021247156e-06,-0.0002010398854451,5.311289735269114e-05,-0.0001099283620815,0.9998153580910758,-4.164249070675508e-06,0.0001044792555881,-0.0001202937486473,5.864821504984539e-05,-0.0001013098138089,0.6667321311797758,0.0,0.0,0.0,0.0,0.0,0.0,EXPLORE,real_media,,,,,curated_real_balanced.csv,,
0.0001317055392948,-0.0001679563784385,1.0001375836618964,0.0001601887544859,8.206918144860318e-05,7.201926923942497e-05,0.816197018663555,0.0576002366837927,-0.3717857571521337,0.3874407332395,-3.955606646420808e-05,1.0000901875869548,-2.15480241588472e-05,-2.0613878212550303e-05,3.4573524398486775e-05,-4.676977974271608e-06,0.5077942703551923,0.0283475732726475,-0.4906185061049888,0.0251237206989479,2.729692936466313e-05,3.472096504247265e-05,9.91612696758781e-05,1.2758984936472468e-05,6.96375890713205e-05,-1.1859136481470889e-06,7.2123354664693e-05,-2.398652652748409e-05,9.639192021655732e-05,5.3384638712936486e-05,2.191548508367872e-05,1.0000043573467408,1.4597898164568236e-05,-4.690252070553595e-05,5.057486670940847e-05,0.9999882006714732,0.6665418684412117,0.0,0.0,0.0,0.0,0.0,0.0,CHECK_TABLE,real_media,,,,,curated_real_balanced.csv,,
1.0,0.0,0.0,0.0,0.0,0.0,0.8705390095710754,0.1065625,0.371875,0.3708333333333333,1.0,0.0,0.0,0.0,0.0,0.0,0.8338763117790222,0.0918684895833333,-0.36875,0.2833333333333333,1.0,0.0,0.0,0.0,0.0,0.0,0.7782625555992126,0.0870182291666666,-0.321875,-0.4375,1.0,0.0,0.0,0.0,0.0,0.0,1.0,0.0,0.0,0.0,0.0,0.0,0.0,MOVE_TO_CHAIR,real_media,mixkit_table_06.mp4,580.0,AVOID_PERSON,1.0,media_labeled_batch_A_real_corrected.csv,batch_A_real,mixed
1.0,0.0,0.0,0.0,0.0,0.0,0.8090161681175232,0.11908203125,0.3625,0.35,1.0,0.0,0.0,0.0,0.0,0.0,0.799016535282135,0.1039973958333333,-0.321875,-0.4416666666666666,1.0,0.0,0.0,0.0,0.0,0.0,0.729622483253479,0.1036067708333333,-0.353125,0.275,0.0,0.0,0.0,0.0,1.0,1.0,1.0,0.0,0.0,0.0,0.0,0.0,0.0,AVOID_PERSON,real_media,mixkit_table_06.mp4,90.0,AVOID_PERSON,1.0,media_labeled_batch_A_real_corrected.csv,batch_A_real,mixed
-4.151777485295188e-05,1.00003408386818,7.922468823808165e-05,-9.876119323836253e-05,0.000100277899606,0.0001081615471266,0.899082580399057,0.0362362008510718,-0.0249138224458031,0.0708212651238988,1.000065198108196,-0.0001189218044986,-0.0001549605071542,3.5197156025532468e-06,-7.21594821177656e-05,-3.911219273042789e-05,0.5032881814782705,0.0332086688483034,0.3405156991732975,0.3834581759635823,0.0001187664132615,3.207926541266509e-05,1.0001384459752258,-1.987248765194765e-05,-0.0001031262293592,4.931617160461697e-05,0.4931520529715505,0.059444365853737,-0.3187675520660693,0.7916714868824714,8.688069361506385e-06,-1.3388079890011329e-05,3.727889715749664e-05,0.9999562300982496,8.443269633105538e-05,1.0001343358458228,1.000131197785691,0.0,0.0,0.0,0.0,0.0,0.0,MOVE_TO_CHAIR,real_media,,,,,curated_real_balanced.csv,,
0.9999522394370196,-4.609508753698491e-05,1.229880129401688e-05,-7.889581504779937e-06,4.941627989070767e-06,-8.82015032290797e-05,0.9051778422878426,0.0752362951436146,0.0405290311634359,-0.166783434245816,-7.106446954315356e-06,0.0002221199515663,1.0002158801025012,-0.0002388529866234,-4.776616629857493e-05,-1.765391306306545e-05,0.8077893353805234,0.0507922250250513,0.6030608431014183,0.5041430896570651,-0.0001198284071861,-0.0001650598013718,-0.0001149480582547,-4.060072373901568e-06,6.098626813971162e-05,0.0002326327507437,-7.031747649636279e-05,9.533804573177286e-05,-8.434415557088576e-06,-3.96887463900141e-05,6.591584400106169e-05,-1.641878442164004e-05,0.9999211012483896,-7.481745632814722e-05,-9.961610491898207e-05,0.9998902045386368,0.6667100205365081,0.0,0.0,0.0,0.0,0.0,0.0,AVOID_PERSON,real_media,,,,,curated_real_balanced.csv,,
1.0,0.0,0.0,0.0,0.0,0.0,0.774350643157959,0.11625,0.35625,0.3666666666666666,1.0,0.0,0.0,0.0,0.0,0.0,0.7603012323379517,0.0716015625,-0.409375,0.3375,1.0,0.0,0.0,0.0,0.0,0.0,0.6102616190910339,0.0765625,-0.384375,-0.4125,1.0,0.0,0.0,0.0,0.0,0.0,1.0,0.0,0.0,0.0,0.0,0.0,0.0,CHECK_TABLE,real_media,mixkit_table_06.mp4,820.0,AVOID_PERSON,1.0,media_labeled_batch_A_real_corrected.csv,batch_A_real,mixed
0.9998932435851736,-8.491215638057464e-05,0.0001245143090937,3.768380730024543e-05,5.277676509776008e-05,-9.477155679534323e-05,0.8750996350039141,0.0731756483707342,-0.1500681426502947,-0.5167288709731943,6.682458909844042e-05,1.0001177975303268,0.0001235700219019,2.229892108229905e-05,-6.170508211681304e-05,3.623161616283664e-05,0.6072797751970641,0.0601216661447224,-0.7406480496465703,-0.3249234941238096,0.0001967808961168,-0.0001672965986201,4.308445607102018e-06,-0.0001577244679915,7.454517857224172e-06,-3.0623640458872244e-05,0.000204068113542,5.439479074945068e-05,-0.0001060897991128,0.0001563223618431,-0.000154086053899,1.000069768570482,0.0001818897489025,4.074164628139649e-05,7.313299456200703e-05,1.0000552721015454,0.6666554681034482,0.0,0.0,0.0,0.0,0.0,0.0,AVOID_PERSON,real_media,,,,,curated_real_balanced.csv,,
0.99995604073651,-0.0001187805203955,0.0001845029434208,2.61548301483565e-05,5.325337680391328e-05,5.167092233401797e-05,0.7896302307026947,0.107891435113619,0.0248918380779961,-0.2127684761358901,-5.183606424331416e-05,1.000160315661479,-6.502536724301808e-05,-5.8720363641520426e-05,0.0001485349550499,5.713605704219988e-05,0.7524432633637184,0.0437854687515572,0.0218802703023929,-0.8332834135975105,1.09173045486358e-05,2.7930128301879827e-05,-0.0001190972377699,8.171355258115693e-05,5.4672538689700656e-05,6.328073181160944e-05,6.57432770604956e-05,-1.6678063770015538e-06,-2.791433091552488e-05,-0.0003148944602877,1.5021861012224694e-05,0.9997040042356804,3.7644354676889096e-05,7.249928392882869e-05,6.835581195027362e-05,0.9999815952470944,0.6667529439530685,0.0,0.0,0.0,0.0,0.0,0.0,AVOID_PERSON,real_media,,,,,curated_real_balanced.csv,,
1.0,0.0,0.0,0.0,0.0,0.0,0.661487340927124,0.02869140625,0.640625,0.6583333333333333,1.0,0.0,0.0,0.0,0.0,0.0,0.6137486696243286,0.004443359375,0.15,0.0375,1.0,0.0,0.0,0.0,0.0,0.0,0.5586293935775757,0.0193359375,0.259375,0.7875,0.0,0.0,1.0,0.0,0.0,1.0,1.0,0.0,0.0,0.0,0.0,0.0,0.0,EXPLORE,real_media,mixkit_table_07.mp4,130.0,MOVE_TO_CHAIR,1.0,media_labeled_batch_A_real_corrected.csv,batch_A_real,mixed
1.0,0.0,0.0,0.0,0.0,0.0,0.7223541140556335,0.00921875,-0.903125,-0.1916666666666666,1.0,0.0,0.0,0.0,0.0,0.0,0.6702365279197693,0.01392578125,-0.953125,0.1416666666666666,1.0,0.0,0.0,0.0,0.0,0.0,0.6412700414657593,0.017578125,0.9125,-0.0208333333333333,0.0,0.0,1.0,0.0,0.0,1.0,1.0,0.0,0.0,0.0,0.0,0.0,0.0,EXPLORE,real_media,mixkit_table_07.mp4,40.0,MOVE_TO_CHAIR,1.0,media_labeled_batch_A_real_corrected.csv,batch_A_real,mixed
1.0,0.0,0.0,0.0,0.0,0.0,0.716577410697937,0.0182291666666666,-0.596875,-0.0583333333333333,1.0,0.0,0.0,0.0,0.0,0.0,0.7161344289779663,0.00478515625,0.18125,0.0416666666666666,1.0,0.0,0.0,0.0,0.0,0.0,0.5949369072914124,0.01435546875,-0.86875,-0.1458333333333333,0.0,0.0,1.0,0.0,0.0,1.0,1.0,0.0,0.0,0.0,0.0,0.0,0.0,MOVE_TO_CHAIR,real_media,mixkit_table_07.mp4,280.0,MOVE_TO_CHAIR,1.0,media_labeled_batch_A_real_corrected.csv,batch_A_real,mixed
1.0000031279465675,1.0321867539239018e-05,0.0001817117562092,-2.800839967507246e-06,-6.903868723527651e-05,-4.500197666462911e-05,0.835866616205428,0.1291073770097803,0.0060954901765586,0.3499192075004418,-2.861122382917793e-05,0.0001653351778631,-6.390965971541446e-05,-6.059693612314192e-05,-0.0001381379175965,0.0001340068863624,3.6799760241916144e-05,8.055035627581406e-05,4.699157134707493e-05,-7.1216451184042e-05,2.0769239564293344e-05,-9.884219289384246e-05,4.735168787737282e-05,0.0001198013453816,0.0002584233679399,-8.854129614701284e-05,0.0001234861559947,8.786007534223578e-05,-0.0001163640752381,2.4437037512974403e-05,0.0001363043556367,-6.28373106253849e-05,1.000044154283777,-1.5834590121955745e-05,3.532106589111466e-05,0.9999271969618808,0.3333425176080217,0.0,0.0,0.0,0.0,0.0,0.0,AVOID_PERSON,real_media,,,,,curated_real_balanced.csv,,
